00c80000
00010014
000a0028
0401010c
d0000002
00000007
000009af
00000000
00ce0100
00010015
000a0029
0401010c
ac03d802
00000007
000009fb
00000000
00f40203
01010018
000c0031
0601010b
ef002202
00000007
00000bcd
00000000
00fa0303
01010019
000d0032
0601010a
d0000002
00000007
00000c1b
00000000
01020403
0101001a
000d0034
0601010a
bf001801
00000007
00000c7b
00000000
01130504
0101001c
000e0037
0601000c
ac000001
00000007
00000d51
00000000
01190604
0101001c
000e0038
0601000c
d903e300
00000007
00000d9d
00000000
00640000
00020014
000a0028
0401010f
d0000002
03000007
000009af
00000000
00670103
00020015
000a0029
0401010e
ac03d802
03000007
000009fb
00000000
007a0203
01020018
000c0031
0601010d
ef002202
03000007
00000bcd
00000000
007d0303
01020019
000d0032
0601010e
d0000002
03000007
00000c1b
00000000
00810403
0102001a
000d0034
0601010e
bf001801
03000007
00000c7b
00000000
00450504
0101001c
000e0037
06010109
ac007701
02000007
00000d51
00000000
00460604
0101001c
000e0038
06010109
d9036e00
02000007
00000d9d
00000000
01010100
00c800c8
2800fa0c
00020500
00020003
00000000
0009af00
00000000
00000000
01010101
00ce00ce
2900fc0c
00020500
d8010002
0003d803
0009fb00
00000000
00000000
01010102
00f400f4
3100f90d
01010700
22020002
00002200
000bcd00
00000000
00000000
01010103
00fa00fa
3200fa0d
01010700
00020002
00000000
000c1b00
00000000
00000000
01010100
00320032
2800fa0d
00020500
00030003
00000000
0009af03
00000000
00000000
01010101
00340034
2900fc0d
00020500
16030003
00011601
0009fb03
00000000
00000000
01010102
003d003d
3100f90e
01010700
22030003
00002200
000bcd03
00000000
00000000
01010103
003e003e
3200fa0e
01010700
fa030003
0002fa02
000c1b03
00000000
00000000
01000000
00280028
2800fa0f
00020500
00060001
00000000
0009af00
00000000
00000000
04000001
00a500a5
2900fc0f
00020500
00030003
00000000
0009fb00
00000000
00000000
04000002
00c300c3
3100f90f
01010700
00030003
00000000
000bcd00
00000000
00000000
01000003
00320032
3200fa0f
01010700
00060001
00000000
000c1b00
00000000
00000000
04000000
00280028
2800fa0f
00020500
00040003
00000000
0009af03
00000000
00000000
04000001
00290029
2900fc0f
00020500
39030003
00033903
0009fb03
00000000
00000000
04000002
00310031
3100f90f
01010700
a8040003
0000a800
000bcd03
00000000
00000000
04000003
00320032
3200fa0f
01010700
00040003
00000000
000c1b03
00000000
00000000
00000000
00000000
00000000
00000000
00000000
00000000
00000000
00000000
00000000
00000000
00000000
00000000
00000000
00000000
00000000
00000000
00000000
00000000
00000000
00000000
00000000
00000000
00000000
00000000
00000000
00000000
00000000
00000000
00000000
00000000
00000000
00000000
00000000
00000000
00000000
00000000
00000000
00000000
00000000
00000000
00000000
00000000
00000000
00000000
00000000
00000000
00000000
00000000
00000000
00000000
00000000
00000000
00000000
00000000
00000000
00000000
00000000
00000000
00000000
00000000
00000000
00000000
00000000
00000000
00000000
00000000
00000000
00000000
00000000
00000000
00000000
00000000
00000000
00000000
00000000
00000000
00000000
00000000
00000000
00000000
00000000
00000000
00000000
00000000
00000000
00000000
00000000
00000000
00000000
00000000
00000000
00000000
00000000
00000000
00000000
00000000
00000000
00000000
00000000
00000000
00000000
00000000
00000000
00000000
00000000
00000000
00000000
00000000
00000000
00000000
00000000
00000000
1f1f1f00
20212021
01011010
20202020
00000000
00000000
04000400
04000400
00000000
00000000
00000000
00000000
00000000
00000000
00000000
00000000
00000000
00000040
008040fc
03fee000
000a14a0
0e0f0c00
03050000
00000000
06131015
06050000
d4000000
00020000
00000000
20202020
20202020
20202020
20202020
20041000
09090000
00000000
00000000
e4120000
c43c0010
00000190
4b6400fa
7d4b01f4
101900fa
09090909
09090909
09090909
09090909
09090909
09090909
800b0007
80060004
80000000
800b0002
80000000
00000000
00000000
00000000
00000000
00000000
12640400
07b000b0
00000460
000002b0
00000000
09500600
07000660
000000f0
00000000
000000aa
00000000
00000000
00000000
00000000
00000000
00000000
00000000
00000000
00000000
00000000
00000000
00000000
00000000
00000000
00000000
00000000
00000000
00000000
00000000
00000000
00000000
00000000
00000000
00000000
00000000
00000000
00000000
00000000
00000000
00000000
00000000
00000000
00000000
00000000
00000000
00000000
00000000
00000000
00000000
00000000
00000000
00000000
00000000
00000000
00000000
00000000
00000000
00000000
00000000
00000000
00000000
00000000
00000000
00000000
00000000
00000000
00000000
00000000
00000000
00000000
00000000
00000000
00000000
00000000
00000000
00000000
00000000
00000000
00000000
00000000
00000000
00000000
00000000
00000000
00000000
