00400000
00010014
000a0028
04010009
da000002
00000007
000009af
00000000
00840100
00020015
000a0029
0401000c
b6000002
00000007
000009fb
00000000
004e0203
01010018
000c0031
06010008
f9000002
00000007
00000bcd
00000000
00500303
01010019
000d0032
06010006
da000002
00000007
00000c1b
00000000
00a50403
0102001a
000d0034
06010009
c9000001
00000007
00000c7b
00000000
00b00504
0102001c
000e0037
06010009
b6000001
00000007
00000d51
00000000
00b40604
0102001c
000e0038
06010009
e3000000
00000007
00000d9d
00000000
00200000
00020014
000a0028
0401000c
da000002
03000007
000009af
00000000
00210103
00020015
000a0029
0401000c
b6000002
03000007
000009fb
00000000
00270203
01020018
000c0031
0601000c
f9000002
03000007
00000bcd
00000000
00140303
01010019
000d0032
06010006
da000002
03000007
00000c1b
00000000
003e0403
0103001a
000d0034
0601000c
c9004201
03000007
00000c7b
00000000
002c0504
0102001c
000e0037
06010009
b6000001
02000007
00000d51
00000000
002d0604
0102001c
000e0038
06010009
e3000000
02000007
00000d9d
00000000
01010100
00400040
2800fb0c
00020500
00040003
00000000
0009af00
00000000
00000000
01010101
00420042
2900fd0c
00020500
00040003
00000000
0009fb00
00000000
00000000
01010102
004e004e
3100fa0e
01010700
00050002
00000000
000bcd00
00000000
00000000
01010103
00500050
3200fb0e
01010700
00050002
00000000
000c1b00
00000000
00000000
01010100
00100010
2800fb0d
00020500
00050003
00000000
0009af03
00000000
00000000
02010101
00210021
2900fd0e
00020500
00040003
00000000
0009fb03
00000000
00000000
02010102
00270027
3100fa0f
01010700
00040003
00000000
000bcd03
00000000
00000000
01010103
00140014
3200fb0f
01010700
00060003
00000000
000c1b03
00000000
00000000
01000000
00280028
2800fa0f
00020500
00060001
00000000
0009af00
00000000
00000000
04000001
00a500a5
2900fc0f
00020500
00030003
00000000
0009fb00
00000000
00000000
04000002
00c300c3
3100f90f
01010700
00030003
00000000
000bcd00
00000000
00000000
01000003
00320032
3200fa0f
01010700
00060001
00000000
000c1b00
00000000
00000000
04000000
00280028
2800fa0f
00020500
00040003
00000000
0009af03
00000000
00000000
04000001
00290029
2900fc0f
00020500
39030003
00033903
0009fb03
00000000
00000000
04000002
00310031
3100f90f
01010700
a8040003
0000a800
000bcd03
00000000
00000000
04000003
00320032
3200fa0f
01010700
00040003
00000000
000c1b03
00000000
00000000
00000000
00000000
00000000
00000000
00000000
00000000
00000000
00000000
00000000
00000000
00000000
00000000
00000000
00000000
00000000
00000000
00000000
00000000
00000000
00000000
00000000
00000000
00000000
00000000
00000000
00000000
00000000
00000000
00000000
00000000
00000000
00000000
00000000
00000000
00000000
00000000
00000000
00000000
00000000
00000000
00000000
00000000
00000000
00000000
00000000
00000000
00000000
00000000
00000000
00000000
00000000
00000000
00000000
00000000
00000000
00000000
00000000
00000000
00000000
00000000
00000000
00000000
00000000
00000000
00000000
00000000
00000000
00000000
00000000
00000000
00000000
00000000
00000000
00000000
00000000
00000000
00000000
00000000
00000000
00000000
00000000
00000000
00000000
00000000
00000000
00000000
00000000
00000000
00000000
00000000
00000000
00000000
00000000
00000000
00000000
00000000
00000000
00000000
00000000
00000000
00000000
00000000
00000000
00000000
00000000
00000000
00000000
00000000
00000000
00000000
00000000
00000000
1f1f1f00
20212021
01011010
20202020
00000000
00000000
04000400
04000400
00000000
00000000
00000000
00000000
00000000
00000000
00000000
00000000
00000000
00000040
008040fc
03fee000
000a14a0
0e0f0c00
03050000
00000000
06131015
06050000
d4000000
00020000
00000000
20202020
20202020
20202020
20202020
20041000
09090000
00000000
00000000
e4120000
c43c0010
00000190
4b6400fa
7d4b01f4
101900fa
09090909
09090909
09090909
09090909
09090909
09090909
800b0007
80060004
80000000
800b0002
80000000
00000000
00000000
00000000
00000000
00000000
12640400
07b000b0
00000460
000002b0
00000000
09500600
07000660
000000f0
00000000
000000aa
00000000
00000000
00000000
00000000
00000000
00000000
00000000
00000000
00000000
00000000
00000000
00000000
00000000
00000000
00000000
00000000
00000000
00000000
00000000
00000000
00000000
00000000
00000000
00000000
00000000
00000000
00000000
00000000
00000000
00000000
00000000
00000000
00000000
00000000
00000000
00000000
00000000
00000000
00000000
00000000
00000000
00000000
00000000
00000000
00000000
00000000
00000000
00000000
00000000
00000000
00000000
00000000
00000000
00000000
00000000
00000000
00000000
00000000
00000000
00000000
00000000
00000000
00000000
00000000
00000000
00000000
00000000
00000000
00000000
00000000
00000000
00000000
00000000
00000000
00000000
