00000000
00000000
00000000
00000300
00000000
37080c00
37083708
00000000
00000000
00000000
00000000
03000000
f0000000
00000000
0c000000
00000000
00000000
00000008
00000000
ff01e200
00000000
00000000
0000c000
00000000
00000000
00000335
00000000
00000000
00000000
00000000
00000000
00000000
00000000
00000000
00000000
00000000
00000000
00000000
00000000
00000000
00000000
00000000
00000000
00000000
00000000
00000000
00000000
00000000
00000000
00000000
00000000
00000000
00000000
00000000
00000000
00000000
00000000
00000000
00000000
00000000
00000000
00000000
00000000
00000000
00000000
00000000
00000000
00000000
00000000
00000000
00000000
00000000
00000000
00000000
00000000
00000000
00000000
00000000
00000000
00000000
00000000
00000000
00000000
00000000
00000000
00000000
00000000
00000000
00000000
00000000
00000000
00000000
00000000
00000000
00000000
00000000
00000000
00000000
00000000
00000000
00000000
00000000
00000000
00000000
00000000
00000000
00000000
00000000
00000000
00000000
00000000
00000000
00000000
00000000
00000000
00000000
00000000
00000000
00000000
00000000
00000000
00000000
00000000
00000000
00000000
00000000
00000000
00000000
00000000
00000000
00000000
00000000
00000000
00000000
00000000
00000000
00000000
00000000
00000000
00000000
00000000
00000000
00000000
00000000
00000000
00000000
00000000
00000000
00000000
00000000
00000000
00000000
00000000
00000000
00000000
00000000
00000000
00000000
00000000
00000000
00000000
00000000
00000000
00000000
00000000
00000000
00000000
00000000
00000000
00000000
00000000
00000000
00000000
00000000
00000000
00000000
00000000
00000000
00000000
00000000
00000000
00000000
00000000
00000000
00000000
00000000
00000000
00000000
00000000
00000000
00000000
00000000
00000000
00000000
00000000
00000000
00000000
00000000
00000000
00000000
00000000
00000000
00000000
00000000
00000000
00000000
00000000
00000000
00000000
00000000
00000000
00000000
00000000
00000000
00000000
00000000
00000000
00000000
00000000
00000000
00000000
00000000
00000000
00000000
00000000
00000000
00000000
00000000
00000000
00000000
00000000
00000000
00000000
00000000
00000000
00000000
00000000
00000000
00000000
00000000
00000000
00000000
00000000
00000000
00000000
00000000
00000000
00000000
00000000
00000000
00000000
00000000
00000000
00000000
00000000
00000000
00000000
00000000
00000000
00000000
00000000
00000000
00000000
00000000
00000000
00000000
00000000
00000000
00000000
00000000
00000000
00000000
00000000
00000000
00000000
00000000
00000000
00000000
00000000
00000000
00000000
00000000
00000000
00000000
00000000
00000000
00000000
00000000
00000000
00000000
00000000
00000000
00000000
00000000
00000000
00000000
00000000
00000000
00000000
00000000
00000000
00000000
00000000
00000000
00000000
00000000
00000000
00000000
00000000
00000000
00000000
00000000
00000000
00000000
00000000
00000000
00000000
00000000
00000000
00000000
00640000
00010014
000a0028
0001010f
0007d000
09af0300
00000000
00000000
00670100
00010015
000a0029
8001010f
0007ac1d
09fb0300
00000000
00000000
007a0203
00010018
000c0031
2001010d
0007ef02
0bcd0300
00000000
00000000
007d0303
01010019
000d0032
0001010e
0007d000
0c1b0300
00000000
00000000
00810403
0101001a
000d0034
8001010e
0007bf01
0c7b0300
00000000
00000000
00850504
0101001b
000d0035
e001010d
0007b002
0cdb0300
00000000
00000000
008a0604
0101001c
000e0037
7001010c
0007ac07
0d510200
00000000
00000000
008d0704
0101001c
000e0038
7001010d
0007d905
0d9d0200
00000000
00000000
008c0804
0101001c
000e0038
0001010d
0007d000
0d8f0200
00000000
00000000
00640000
00010014
000a0028
0001010f
0007d000
09af0300
00000000
00000000
00670100
00010015
000a0029
8001010f
0007ac1d
09fb0300
00000000
00000000
007a0203
00010018
000c0031
2001010d
0007ef02
0bcd0300
00000000
00000000
007d0303
01010019
000d0032
0001010e
0007d000
0c1b0300
00000000
00000000
00810403
0101001a
000d0034
8001010e
0007bf01
0c7b0300
00000000
00000000
00850504
0101001b
000d0035
e001010d
0007b002
0cdb0300
00000000
00000000
008a0604
0101001c
000e0037
7001010c
0007ac07
0d510200
00000000
00000000
008d0704
0101001c
000e0038
7001010d
0007d905
0d9d0200
00000000
00000000
008c0804
0101001c
000e0038
0001010d
0007d000
0d8f0200
00000000
00000000
00000000
00000000
00000000
00000000
1f1f1f01
20212021
01011010
20202020
00000000
00000000
04000400
04000400
00000013
00040100
01010100
00880001
00000000
1c000000
001c0000
07010000
04020803
01010004
05040504
00150a02
02000000
00010100
01000000
64000201
01010301
00010000
00000000
01010000
01ad2503
00000101
00030103
01010100
00880001
00000000
1c000000
001c0000
06010300
05010b02
01030105
05040504
001a4d02
00000200
00010100
01000000
3e000301
01010300
01020101
01010101
01010101
01a92503
00000101
00020101
01010100
00880001
00000000
1c000000
001c0000
05010100
04020801
01010004
05040504
0015b302
07000200
00010107
01000000
89010101
01010300
02020202
07070702
00010707
00ad2503
00000101
01020103
01010101
00880001
00000000
1c000000
001c0000
05010300
05010b01
01030105
05040504
001a4d02
07000200
00010107
01000000
3e000301
01010300
02020202
07070702
00010707
00a92503
00000101
01010101
01010101
00880001
00000000
1c000000
001c0000
04010100
04020800
01010004
05040504
0015b302
07070700
00010007
01000000
89010101
01010200
0c040c0c
0808080c
00000808
00ad2501
00000101
01010102
01010101
00880001
00000000
1c000000
001c0000
04010200
05020800
01030105
05040504
0019a502
07070700
00010007
01000000
a2010101
01010200
0c040c0c
0808080c
00000808
00a92501
00000101
01010103
01010101
00880001
00000000
1c000000
001c0000
04010300
05010b00
01030105
05040504
001a4d02
07070700
00010007
01000000
3e000301
01010200
0c040c0c
0808080c
00000808
00a92501
00000101
04000104
01010104
00880002
00000000
1c000000
001c0000
00010400
05010b04
00030605
05040504
001b2002
07070700
00010007
01000000
56010301
00000001
0c090f0f
0202020c
00000202
00a92500
00000101
04000106
01010104
00880002
00000000
1c000000
001c0000
00010600
07000e04
00070707
05040504
001cef02
07070700
00010007
01000000
89000201
00000000
0c090f0f
0202020c
00000202
009d2500
00000101
04000107
01010104
00880002
00000000
1c000000
001c0000
00010700
07000e04
00070707
05040504
001d9702
07070700
00010007
01000000
46000301
00000001
0c090f0f
0202020c
00000202
009d2500
00000101
04000105
02010004
02080003
00000000
1c000000
001c0000
00010500
07000e04
00070607
05040504
001bf202
07070700
00010007
01000000
42000301
00000000
0c090f0f
0202020c
00000202
009d2500
00000100
04000108
02010004
02080003
00000000
1c000000
001c0000
00010800
07000e04
00070707
05040504
001d7602
07070700
00010007
01000000
46000301
00000001
0c090f0f
0202020c
00000202
009d2500
00000100
00030100
01010100
00880001
00000000
1c000000
001c0000
06010000
04020802
01010004
05040504
00150a02
00000200
00010100
01000000
64000201
01010301
01020101
01010101
01010101
01ad2503
00000101
04000101
01010104
00880002
00000000
1c000000
001c0000
00010100
04020804
00010304
05040504
0015b302
07070700
00010007
01000000
89010101
00000000
0c090f0f
0202020c
00000202
00ad2501
00000101
07000105
02000007
02080003
00000000
1c000000
001c0000
00010500
07000e04
00070607
05040504
001bf202
07070700
07000007
00070707
42000300
01010000
0f0c0f0f
0202020f
00000202
009d2500
00000000
07000108
02000007
02080003
00000000
1c000000
001c0000
00010800
07000e04
00070707
05040504
001d7602
07070700
07000007
00070707
46000300
01010001
0f0c0f0f
0202020f
00000202
009d2500
00000000
04000105
01010104
00890002
00000000
1c000000
001c0000
00010500
07000e04
00070607
05040504
001b0402
07070700
00010007
01000000
56010301
00000001
0c090f0f
0202020c
00000202
009d2500
00000101
04010104
01010104
00880002
00000000
1c000000
001c0000
04010400
05010b00
01030105
05040504
001b2002
07070700
00010007
01000000
56010301
01010201
0c040c0c
0808080c
00000808
00a92500
00000101
04000104
01010004
00880002
00000000
1c000000
001c0000
00010400
05010b04
00030605
05040504
001b2002
07070700
00010007
01000000
56010301
00000001
0c090f0f
0202020c
00000202
00a92500
00000100
07000104
01000007
00880002
00000000
1c000000
001c0000
00010400
05010b04
00030605
05040504
001b2002
07070700
07000007
00070707
56010300
01010001
0f0c0f0f
0202020f
00000202
00a92500
00000000
00000000
00000000
00000000
00000000
00000000
00000000
00000000
00000000
00000000
00000000
00000000
00000000
00000000
00000000
00000000
00000000
00000000
00000000
00000000
00000000
00000000
00000000
00000000
00000000
00000000
00000000
00000000
00000000
00000000
00000000
00000000
00000000
00000000
00000000
00000000
00000000
00000000
00000000
00000000
00000000
00000000
00000000
00000000
20202020
20200000
00002020
20202020
20200000
20202020
20202020
00000000
20202000
20202020
00202020
00000000
16160404
04041616
16161616
01010000
01010101
31310101
31313131
03033131
03030303
08080303
08080808
08080808
08080808
08080808
08080808
08080808
08080808
08080808
08080808
08080808
08080808
08080808
08080808
08080808
00000808
00000000
00000000
00000000
00000000
00000000
00000000
00000000
00000000
00000000
00000000
00000000
00000000
00000000
00000000
00000000
00000000
00000000
00000000
00000000
00000000
00000000
00000000
00000000
00000000
00000000
00000000
00000000
00000000
00000000
00000000
00000000
00000000
00000000
00000000
00000000
00000000
00000000
00000000
00000000
00000000
00000000
00000000
00000000
00000000
00000000
00000000
00000000
