00fa0000
00010014
0a002801
01010d00
00000204
000107d0
0009af00
00000000
01020100
00010015
0a002901
01010b00
00180204
000107ac
0009fb00
00000000
01310203
00010018
0c003101
01000e00
00220206
000007ef
000bcd00
00000000
01390303
00010019
0d003201
01010e00
00340206
000007d0
000c1b00
00000000
01420403
0101001a
0d003401
01010b00
03e50106
000007bf
000c7b00
00000000
01580504
0101001c
0e003701
01010a00
00180106
000007ac
000d5100
00000000
01600604
0101001c
0e003801
01010b00
00290006
000007d9
000d9d00
00000000
007d0000
00020014
0a002801
01010f00
00000204
000107d0
0009af03
00000000
00c10103
00030015
0a002901
00020d00
03c30204
000107ac
0009fb03
00000000
004c0203
00010018
0c003101
01010a00
03b60206
000007ef
000bcd03
00000000
004e0303
00010019
0d003201
01010c00
03cc0206
000007d0
000c1b03
00000000
00510403
0101001a
0d003401
01010b00
00b00106
000007bf
000c7b03
00000000
00560504
0101001c
0e003701
01010a00
00180106
000007ac
000d5102
00000000
00580604
0101001c
0e003801
01010b00
00290006
000007d9
000d9d02
00000000
01010100
00fa00fa
2800fa0c
00020500
00050003
00000000
0009af00
00000000
00000000
01010101
01020102
2900fc0c
00020500
18060003
00001800
0009fb00
00000000
00000000
01010102
01310131
3100f90c
01010700
22060003
00002200
000bcd00
00000000
00000000
01010103
01380138
3200fa0c
01010700
cc060003
0003cc03
000c1b00
00000000
00000000
01010100
003e003e
2800fa0d
00020500
fa050003
0002fa02
0009af03
00000000
00000000
01010101
00400040
2900fc0d
00020500
1a050003
00031a03
0009fb03
00000000
00000000
01010102
004c004c
3100f90e
01010700
b6040003
0003b603
000bcd03
00000000
00000000
01010103
004e004e
3200fa0e
01010700
cc040003
0003cc03
000c1b03
00000000
00000000
01000000
00280028
2800fa0f
00020500
00010001
00000000
0009af00
00000000
00000000
04000001
00a500a5
2900fc0f
00020500
00040003
00000000
0009fb00
00000000
00000000
04000002
00c300c3
3100f90f
01010700
00040003
00000000
000bcd00
00000000
00000000
01000003
00320032
3200fa0f
01010700
00010001
00000000
000c1b00
00000000
00000000
04000000
00280028
2800fa0f
00020500
00030003
00000000
0009af03
00000000
00000000
04000001
00290029
2900fc0f
00020500
39040003
00033903
0009fb03
00000000
00000000
04000002
00310031
3100f90f
01010700
a8030003
0000a800
000bcd03
00000000
00000000
04000003
00320032
3200fa0f
01010700
00030003
00000000
000c1b03
00000000
00000000
00000000
00000000
00000000
00000000
00000000
00000000
00000000
00000000
00000000
00000000
00000000
00000000
00000000
00000000
00000000
00000000
00000000
00000000
00000000
00000000
00000000
00000000
00000000
00000000
00000000
00000000
00000000
00000000
00000000
00000000
00000000
00000000
00000000
00000000
00000000
00000000
00000000
00000000
00000000
00000000
00000000
00000000
00000000
00000000
00000000
00000000
00000000
00000000
00000000
00000000
00000000
00000000
00000000
00000000
00000000
00000000
00000000
00000000
00000000
00000000
00000000
00000000
00000000
00000000
00000000
00000000
00000000
00000000
00000000
00000000
00000000
00000000
00000000
00000000
00000000
00000000
00000000
00000000
00000000
00000000
00000000
00000000
00000000
00000000
00000000
00000000
00000000
00000000
00000000
00000000
00000000
00000000
00000000
00000000
00000000
00000000
00000000
00000000
00000000
00000000
00000000
00000000
00000000
00000000
00000000
00000000
00000000
00000000
00000000
00000000
00000000
00000000
1f1f1f00
20212021
01011010
20202020
00000000
00000000
04000400
04000400
00000000
00000000
00000000
00000000
00000000
00000000
00000000
00000000
00000000
00000040
008040fc
03fee000
000a14a0
0e0f0c00
03050000
00000000
06131015
06050000
d4000002
00020000
00000000
20202020
20202020
20202020
20202020
20041000
09090000
00000000
00000000
e4120000
c43c0010
03e80190
4b6400fa
7d4b01f4
101900fa
09090909
09090909
09090909
09090909
09090909
09090909
800b0007
80060004
80000000
800b0002
80000000
0f0f6c14
0f0f6c00
0f0f6c00
05052f00
0f0f6c00
12640400
07b000b0
00000460
000002b0
09500600
07000660
000800f0
00000000
00000000
00000000
00000000
00000000
00000000
000000aa
00000000
00000000
00000000
00000000
00000000
00000000
00000000
00000000
00000000
00000000
00000000
00000000
00000000
00000000
00000000
00000000
00000000
00000000
00000000
00000000
00000000
00000000
00000000
00000000
00000000
00000000
00000000
00000000
00000000
00000000
00000000
00000000
00000000
00000000
00000000
00000000
00000000
00000000
00000000
00000000
00000000
00000000
00000000
00000000
00000000
00000000
00000000
00000000
00000000
00000000
00000000
00000000
00000000
00000000
00000000
00000000
00000000
00000000
00000000
00000000
00000000
00000000
00000000
00000000
00000000
00000000
00000000
00000000
00000000
00000000
f565a07d