00400000
00010014
0a002801
01000900
00000204
000107da
0009af00
00000000
00840100
00020015
0a002901
01000900
00000204
000107b6
0009fb00
00000000
004e0203
00010018
0c003101
01000500
00000206
000007f9
000bcd00
00000000
00500303
00010019
0d003201
01000800
00000206
000007da
000c1b00
00000000
00a50403
0102001a
0d003401
01000a00
00000106
000007c9
000c7b00
00000000
00b00504
0102001c
0e003701
01000900
00000106
000007b6
000d5100
00000000
00b40604
0102001c
0e003801
01000900
00000006
000007e3
000d9d00
00000000
00200000
00020014
0a002801
01000b00
00000204
000107da
0009af03
00000000
00210103
00020015
0a002901
01000c00
00000204
000107b6
0009fb03
00000000
00270203
00020018
0c003101
01000a00
00000206
000007f9
000bcd03
00000000
00140303
00010019
0d003201
01000600
00000206
000007da
000c1b03
00000000
003e0403
0103001a
0d003401
01000c00
00420106
000007c9
000c7b03
00000000
002c0504
0102001c
0e003701
01000900
00000106
000007b6
000d5102
00000000
002d0604
0102001c
0e003801
01000900
00000006
000007e3
000d9d02
00000000
01010100
00400040
2800fb0c
00020500
00030003
00000000
0009af00
00000000
00000000
01010101
00420042
2900fd0c
00020500
00030003
00000000
0009fb00
00000000
00000000
01010102
004e004e
3100fa0e
01010700
00020002
00000000
000bcd00
00000000
00000000
01010103
00500050
3200fb0e
01010700
00020002
00000000
000c1b00
00000000
00000000
01010100
00100010
2800fb0d
00020500
00020003
00000000
0009af03
00000000
00000000
02010101
00210021
2900fd0e
00020500
00030003
00000000
0009fb03
00000000
00000000
02010102
00270027
3100fa0f
01010700
00030003
00000000
000bcd03
00000000
00000000
01010103
00140014
3200fb0f
01010700
00010003
00000000
000c1b03
00000000
00000000
01000000
00280028
2800fa0f
00020500
00010001
00000000
0009af00
00000000
00000000
04000001
00a500a5
2900fc0f
00020500
00040003
00000000
0009fb00
00000000
00000000
04000002
00c300c3
3100f90f
01010700
00040003
00000000
000bcd00
00000000
00000000
01000003
00320032
3200fa0f
01010700
00010001
00000000
000c1b00
00000000
00000000
04000000
00280028
2800fa0f
00020500
00030003
00000000
0009af03
00000000
00000000
04000001
00290029
2900fc0f
00020500
39040003
00033903
0009fb03
00000000
00000000
04000002
00310031
3100f90f
01010700
a8030003
0000a800
000bcd03
00000000
00000000
04000003
00320032
3200fa0f
01010700
00030003
00000000
000c1b03
00000000
00000000
00000000
00000000
00000000
00000000
00000000
00000000
00000000
00000000
00000000
00000000
00000000
00000000
00000000
00000000
00000000
00000000
00000000
00000000
00000000
00000000
00000000
00000000
00000000
00000000
00000000
00000000
00000000
00000000
00000000
00000000
00000000
00000000
00000000
00000000
00000000
00000000
00000000
00000000
00000000
00000000
00000000
00000000
00000000
00000000
00000000
00000000
00000000
00000000
00000000
00000000
00000000
00000000
00000000
00000000
00000000
00000000
00000000
00000000
00000000
00000000
00000000
00000000
00000000
00000000
00000000
00000000
00000000
00000000
00000000
00000000
00000000
00000000
00000000
00000000
00000000
00000000
00000000
00000000
00000000
00000000
00000000
00000000
00000000
00000000
00000000
00000000
00000000
00000000
00000000
00000000
00000000
00000000
00000000
00000000
00000000
00000000
00000000
00000000
00000000
00000000
00000000
00000000
00000000
00000000
00000000
00000000
00000000
00000000
00000000
00000000
00000000
00000000
1f1f1f00
20212021
01011010
20202020
00000000
00000000
04000400
04000400
00000000
00000000
00000000
00000000
00000000
00000000
00000000
00000000
00000000
00000040
008040fc
03fee000
000a14a0
0e0f0c00
03050000
00000000
06131015
06050000
d4000002
00020000
00000000
20202020
20202020
20202020
20202020
20041000
09090000
00000000
00000000
e4120000
c43c0010
03e80190
4b6400fa
7d4b01f4
101900fa
09090909
09090909
09090909
09090909
09090909
09090909
800b0007
80060004
80000000
800b0002
80000000
0f0f6c14
0f0f6c00
0f0f6c00
05052f00
0f0f6c00
12640400
07b000b0
00000460
000002b0
09500600
07000660
000800f0
00000000
00000000
00000000
00000000
00000000
00000000
000000aa
00000000
00000000
00000000
00000000
00000000
00000000
00000000
00000000
00000000
00000000
00000000
00000000
00000000
00000000
00000000
00000000
00000000
00000000
00000000
00000000
00000000
00000000
00000000
00000000
00000000
00000000
00000000
00000000
00000000
00000000
00000000
00000000
00000000
00000000
00000000
00000000
00000000
00000000
00000000
00000000
00000000
00000000
00000000
00000000
00000000
00000000
00000000
00000000
00000000
00000000
00000000
00000000
00000000
00000000
00000000
00000000
00000000
00000000
00000000
00000000
00000000
00000000
00000000
00000000
00000000
00000000
00000000
00000000
00000000
00000000
a9c55deb