00fa0000
00010014
000a0028
0001010d
0007d000
09af0000
00000000
00000000
01020100
00010015
000a0029
1801010e
0007ac00
09fb0000
00000000
00000000
01310203
00010018
000c0031
2201010c
0007ef00
0bcd0000
00000000
00000000
01390303
01010019
000d0032
3401010c
0007d000
0c1b0000
00000000
00000000
01420403
0101001a
000d0034
e501010b
0007bf03
0c7b0000
00000000
00000000
014c0504
0101001b
000d0035
fd01010a
0007b003
0cdb0000
00000000
00000000
01580604
0101001c
000e0037
1801010a
0007ac00
0d510000
00000000
00000000
01600704
0101001c
000e0038
2901010b
0007d900
0d9d0000
00000000
00000000
015e0804
0101001c
000e0038
0001010b
0007d000
0d8f0000
00000000
00000000
007d0000
00020014
000a0028
0001010f
0007d000
09af0300
00000000
00000000
00c10100
00030015
000a0029
c301020d
0007ac03
09fb0300
00000000
00000000
004c0203
00010018
000c0031
b601010a
0007ef03
0bcd0300
00000000
00000000
004e0303
01010019
000d0032
cc01010c
0007d003
0c1b0300
00000000
00000000
00510403
0101001a
000d0034
b001010b
0007bf00
0c7b0300
00000000
00000000
00530504
0101001b
000d0035
fd01010b
0007b003
0cdb0300
00000000
00000000
00560604
0101001c
000e0037
1801010a
0007ac00
0d510200
00000000
00000000
00580704
0101001c
000e0038
2901010b
0007d900
0d9d0200
00000000
00000000
00580804
0101001c
000e0038
bb01010b
0007d000
0d8f0200
00000000
00000000
00fa0100
fa0c00fa
05002800
00030002
00000005
af000000
00000009
00000000
00000000
01020101
fc0c0102
05002900
00030002
18001806
fb000000
00000009
00000000
00000000
01310102
f90c0131
07003100
00030101
22002206
cd000000
0000000b
00000000
00000000
01380103
fa0c0138
07003200
00030101
cc03cc06
1b000003
0000000c
00000000
00000000
003e0100
fa0d003e
05002800
00030002
fa02fa05
af030002
00000009
00000000
00000000
00400101
fc0d0040
05002900
00030002
1a031a05
fb030003
00000009
00000000
00000000
004c0102
f90e004c
07003100
00030101
b603b604
cd030003
0000000b
00000000
00000000
004e0103
fa0e004e
07003200
00030101
cc03cc04
1b030003
0000000c
00000000
00000000
00280100
fa0f0028
05002800
00010002
00000001
af000000
00000009
00000000
00000000
00a50401
fc0f00a5
05002900
00030002
00000004
fb000000
00000009
00000000
00000000
00c30402
f90f00c3
07003100
00030101
00000004
cd000000
0000000b
00000000
00000000
00320103
fa0f0032
07003200
00010101
00000001
1b000000
0000000c
00000000
00000000
00280400
fa0f0028
05002800
00030002
00000003
af030000
00000009
00000000
00000000
00290401
fc0f0029
05002900
00030002
39033904
fb030003
00000009
00000000
00000000
00310402
f90f0031
07003100
00030101
a800a803
cd030000
0000000b
00000000
00000000
00320403
fa0f0032
07003200
00030101
00000003
1b030000
0000000c
00000000
00000000
00000000
00000000
00000000
00000000
00000000
00000000
00000000
00000000
00000000
00000000
00000000
00000000
00000000
00000000
00000000
00000000
00000000
00000000
00000000
00000000
00000000
00000000
00000000
00000000
00000000
00000000
00000000
00000000
00000000
00000000
00000000
00000000
00000000
00000000
00000000
00000000
00000000
00000000
00000000
00000000
00000000
00000000
00000000
00000000
00000000
00000000
00000000
00000000
00000000
00000000
00000000
00000000
00000000
00000000
00000000
00000000
00000000
00000000
00000000
00000000
00000000
00000000
00000000
00000000
00000000
00000000
00000000
00000000
00000000
00000000
00000000
00000000
00000000
00000000
00000000
00000000
00000000
00000000
00000000
00000000
1f1f1f01
20212021
01011010
20202020
00000000
00000000
04000400
04000400
00000000
00000000
00000000
00000000
00000000
00000000
00000000
00000000
00000000
00000000
008000fc
03fe8000
00000000
0e0f0c00
00000000
00000000
06131015
06050000
00000001
00000000
00000000
20202020
20202020
20202020
20202020
20080000
00000000
00000000
00000000
06050000
00000010
00000000
00000000
00000000
00000000
00000000
00000000
00000000
00000000
00000000
00000000
00000000
00000000
00000000
00000000
00000000
00000000
00000000
00000000
00000000
00000000
00000000
00000000
00000000
00000000
00000000
00000000
00000000
00000000
00000000
00000000
00000000
00000000
00000000
00000000
00000000
00000000
00000000
00000000
00000000
00000000
00000000
00000000
00000000
00000000
00000000
00000000
00000000
00000000
00000000
00000000
00000000
00000000
00000000
00000000
00000000
00000000
00000000
00000000
00000000
00000000
00000000
00000000
00000000
00000000
00000000
00000000
00000000
00000000
00000000
00000000
00000000
00000000
00000000
00000000
00000000
00000000
00000000
00000000
00000000
00000000
00000000
00000000
00000000
00000000
00000000
00000000
00000000
00000000
00000000
00000000
00000000
00000000
00000000
00000000
00000000
00000000
00000000
00000000
00000000
00000000
00000000
00000000
00000000
00000000
00000000
