00000000
00000000
00000000
00000300
00000000
37080c00
37083708
00000000
00000000
00000000
00000000
03000000
f0000000
00000000
0c000000
00000000
00000000
00000008
00000000
ff01e200
00000000
00000000
0000c000
00000000
00000000
00000000
00000000
00000000
00000000
00000000
00000000
00000000
00000000
00000000
00000000
00000000
04000000
087e8874
087e8874
000003e8
000000ff
00000000
00000000
00000000
00000000
00000000
00000000
00000000
00000000
00000000
00000000
00000000
00000000
00000000
00000000
00000000
00000000
00000000
00000000
00000000
00000000
00000000
00000000
000000aa
00000000
00000000
00000000
00000000
00000000
00000000
00000000
00000000
00000000
00000000
00000000
00000000
00000000
00000000
00000000
00000000
00000000
00000000
00000000
00000000
00000000
00000000
00000000
00000000
00000000
00000000
00000000
00000000
00000000
00000000
00000000
00000000
00000000
00000000
00000000
00000000
00000000
00000000
00000000
00000000
00000000
00000000
00000000
00000000
00000000
00000000
00000000
00000000
00000000
00000000
00000000
00000000
00000000
00000000
00000000
00000000
00000000
00000000
00000000
00000000
00000000
00000000
00000000
00000000
00000000
00000000
00000000
00000000
00000000
00000000
00000000
00000000
00000000
00000000
00000000
00000000
00000000
00000000
00000000
00000000
00000000
00000000
00000000
00000000
00000000
00000000
00000000
00000000
00000000
00000000
00000000
00000000
00000000
00000000
00000000
00000000
00000000
00000000
00000000
00000000
00000000
00000000
00000000
00000000
00000000
00000000
00000000
00000000
00000000
00000000
00000000
00000000
00000000
00000000
00000000
00000000
00000000
00000000
00000000
00000000
00000000
00000000
00000000
00000000
00000000
00000000
00000000
00000000
00000000
00000000
00000000
00000000
00000000
00000000
00000000
00000000
00000000
00000000
00000000
00000000
00000000
00000000
00000000
00000000
00000000
00000000
00000000
00000000
00000000
00000000
00000000
00000000
00000000
00000000
00000000
00000000
00000000
00000000
00000000
00000000
00000000
00000000
00000000
00000000
00000000
00000000
00000000
00000000
00000000
00000000
00000000
00000000
00000000
00000000
00000000
00000000
00000000
00000000
00000000
00000000
00000000
00000000
00000000
00000000
00000000
00000000
00000000
00000000
00000000
00000000
00000000
00000000
00000000
00000000
00000000
00000000
00000000
00000000
00000000
00000000
00000000
00000000
00000000
00000000
00000000
00000000
00000000
00000000
00000000
00000000
00000000
00000000
00000000
00000000
00000000
00000000
00000000
00000000
00000000
00000000
00000000
00000000
00000000
00000000
00000000
00000000
00000000
00000000
00000000
00000000
00000000
00000000
00000000
00000000
00000000
00000000
00000000
00000000
00000000
00000000
00000000
00000000
00000000
00000000
00000000
00000000
00000000
00000000
00000000
00000000
00000000
00000000
00000000
00000000
00000000
00000000
003c0000
00030014
000a0028
0001010e
0007d000
09af0300
00000000
00000000
003e0100
00030015
000a0029
2001000f
0007ac04
09fb0300
00000000
00000000
00310203
00020018
000c0031
8001000d
0007ef0a
0bcd0300
00000000
00000000
00190303
01010019
000d0032
00010007
0007d000
0c1b0300
00000000
00000000
00810403
0105001a
000d0034
8001010e
0007bf01
0c7b0300
00000000
00000000
00350504
0102001b
000d0035
3001000b
0007b01b
0cdb0300
00000000
00000000
00370604
0102001c
000e0037
0001000b
0007ac00
0d510200
00000000
00000000
00380704
0102001c
000e0038
e001000a
0007d916
0d9d0200
00000000
00000000
00380804
0102001c
000e0038
0001000a
0007d000
0d8f0200
00000000
00000000
00000017
00040100
01010100
03070100
04040208
04010100
02050405
0000150a
00020000
00000101
01010000
01640002
00010103
00000100
00000000
03010100
0101ad25
00000001
00030103
01010100
02060103
0505010b
04010301
02050405
00001a4d
00000002
00000101
01010000
003e0003
01010103
01010201
01010101
03010101
0101a925
00000001
00020101
01010100
01050101
04040208
04010100
02050405
000015b3
07070002
00000101
01010000
00890101
02010103
02020202
07070707
03000107
0100ad25
00000001
01020103
01010101
01050103
0505010b
04010301
02050405
00001a4d
07070002
00000101
01010000
003e0003
02010103
02020202
07070707
03000107
0100a925
00000001
01010101
01010101
00040101
04040208
04010100
02050405
000015b3
07070707
00000100
01010000
00890101
0c010102
0c0c040c
08080808
01000008
0100ad25
00000001
01010102
01010101
00040102
05050208
04010301
02050405
000019a5
07070707
00000100
01010000
00a20101
0c010102
0c0c040c
08080808
01000008
0100a925
00000001
01010103
01010101
00040103
0505010b
04010301
02050405
00001a4d
07070707
00000100
01010000
003e0003
0c010102
0c0c040c
08080808
01000008
0100a925
00000001
04000104
02010104
04000104
0505010b
04000306
02050405
00001b20
07070707
00000100
01010000
01560103
0f000000
0c0c090f
02020202
00000002
0100a925
00000001
04000106
02010104
04000106
0707000e
04000707
02050405
00001cef
07070707
00000100
01010000
00890002
0f000000
0c0c090f
02020202
00000002
01009d25
00000001
04000107
02010104
04000107
0707000e
04000707
02050405
00001d97
07070707
00000100
01010000
01460003
0f000000
0c0c090f
02020202
00000002
01009d25
00000001
04000105
03010004
04000105
0707000e
04000706
02050405
00001bf2
07070707
00000100
01010000
00420003
0f000000
0c0c090f
02020202
00000002
00009d25
00000001
04000108
03010004
04000108
0707000e
04000707
02050405
00001d76
07070707
00000100
01010000
01460003
0f000000
0c0c090f
02020202
00000002
00009d25
00000001
00030100
01010100
02060100
04040208
04010100
02050405
0000150a
00000002
00000101
01010000
01640002
01010103
01010201
01010101
03010101
0101ad25
00000001
04000101
02010104
04000101
04040208
04000103
02050405
000015b3
07070707
00000100
01010000
00890101
0f000000
0c0c090f
02020202
01000002
0100ad25
00000001
07000105
03000007
04000105
0707000e
04000706
02050405
00001bf2
07070707
07070000
00000707
00420003
0f010100
0f0f0c0f
02020202
00000002
00009d25
00000000
07000108
03000007
04000108
0707000e
04000707
02050405
00001d76
07070707
07070000
00000707
01460003
0f010100
0f0f0c0f
02020202
00000002
00009d25
00000000
04000105
02010104
04000105
0707000e
04000706
02050405
00001b04
07070707
00000100
01010000
01560103
0f000000
0c0c090f
02020202
00000002
01009d25
00000001
04010104
02010104
00040104
0505010b
04010301
02050405
00001b20
07070707
00000100
01010000
01560103
0c010102
0c0c040c
08080808
00000008
0100a925
00000001
04000104
03010004
04000104
0505010b
04000306
02050405
00001b20
07070707
00000100
01010000
01560103
0f000000
0c0c090f
02020202
00000002
0000a925
00000001
07000104
03000007
04000104
0505010b
04000306
02050405
00001b20
07070707
07070000
00000707
01560103
0f010100
0f0f0c0f
02020202
00000002
0000a925
00000000
00030101
01010100
02060101
04040208
04010100
02050405
000015b3
00000002
00000101
01010000
00890101
01010103
01010201
01010101
03010101
0101ad25
00000001
00020100
01010100
01050100
04040208
04010100
02050405
0000150a
07070002
00000101
01010000
01640002
01010103
01010201
01010101
03000101
0100ad25
00000001
01010100
01010101
00040100
04040208
04010100
02050405
0000150a
07070707
00000100
01010000
01640002
0c010102
0c0c040c
08080808
01000008
0100ad25
00000001
04000107
03010004
04000107
0707000e
04000707
02050405
00001d97
07070707
00000100
01010000
01460003
0f000000
0c0c090f
02020202
00000002
00009d25
00000001
00000000
00000000
00000000
00000000
00000000
00000000
00000000
00000000
00000000
00000000
00000000
00000000
00000000
00000000
00000000
00000000
00000000
00000000
00000000
00000000
00000000
00000000
00000000
00000000
00000000
00000000
00000000
00000000
00000000
00000000
00000000
00000000
00000000
00000000
00000000
00000000
00000000
00000000
00000000
00000000
00000000
00000000
00000000
00000000
00000000
00000000
00000000
00000000
00000000
00000000
00000000
00000000
00000000
00000000
00000000
00000000
00000000
00000000
00000000
00000000
00000000
00000000
00000000
00000000
00000000
00000000
00000000
00000000
00000000
00000000
00000000
00000000
00000000
00000000
00000000
00000000
00000000
00000000
00000000
00000000
00000000
00000000
00000000
00000000
00000000
00000000
00000000
00000000
00000000
00000000
00000000
00000000
00000000
00000000
00000000
00000000
00000000
00000000
00000000
00000000
00000000
00000000
00000000
00000000
00000000
00000000
00000000
00000000
00000000
00000000
00000000
00000000
00000000
00000000
00000000
00000000
00000000
00000000
00000000
00000000
00000000
00000000
00000000
00000000
00000000
00000000
00000000
00000000
00000000
00000000
00000000
00000000
00000000
00000000
00000000
00000000
00000000
00000000
00000000
00000000
00000000
00000000
00000000
00000000
00000000
00000000
00000000
00000000
00000000
00000000
00000000
00000000
00000000
00000000
00000000
00000000
00000000
00000000
00000000
00000000
00000000
00000000
00000000
00000000
00000000
00000000
00000000
00000000
00000000
00000000
00000000
00000000
00000000
00000000
00000000
00000000
00000000
00000000
00000000
00000000
00000000
00000000
00000000
00000000
00000000
00000000
00000000
00000000
00000000
00000000
00000000
00000000
00000000
00000000
00000000
00000000
00000000
00000000
00000000
00000000
00000000
00000000
00000000
00000000
00000000
00000000
00000000
00000000
00000000
00000000
00000000
00000000
00000000
00000000
00000000
00000000
00000000
00000000
00000000
00000000
00000000
00000000
00000000
