01900000
00010014
000a0028
0401010f
d0000002
00000007
000009af
00000000
019d0100
00010015
000a0029
0401010f
ac002802
00000007
000009fb
00000000
01e80203
01010018
000c0031
0601010e
ef002202
00000007
00000bcd
00000000
01f40303
01010019
000d0032
0601010e
d0000002
00000007
00000c1b
00000000
02040403
0101001a
000d0034
0601010d
bf001801
00000007
00000c7b
00000000
02260504
0101001c
000e0037
0601010d
ac000001
00000007
00000d51
00000000
02330604
0101001c
000e0038
0601010d
d9001d00
00000007
00000d9d
00000000
00640000
00010014
000a0028
0401010f
d0000002
03000007
000009af
00000000
00670103
00010015
000a0029
0401010f
ac03d802
03000007
000009fb
00000000
007a0203
01010018
000c0031
0601010d
ef002202
03000007
00000bcd
00000000
007d0303
01010019
000d0032
0601010e
d0000002
03000007
00000c1b
00000000
00810403
0101001a
000d0034
0601010e
bf001801
03000007
00000c7b
00000000
008a0504
0101001c
000e0037
0601010c
ac007701
02000007
00000d51
00000000
008d0604
0101001c
000e0038
0601010d
d9005700
02000007
00000d9d
00000000
01010100
01900190
2800fa0c
00020500
00010003
00000000
0009af00
00000000
00000000
01010101
019c019c
2900fc0c
00020500
d8010003
0003d803
0009fb00
00000000
00000000
01010102
01e701e7
3100f90d
01010700
de010003
0003de03
000bcd00
00000000
00000000
01010103
01f401f4
3200fa0d
01010700
00010003
00000000
000c1b00
00000000
00000000
01010100
00640064
2800fa0d
00020500
00010003
00000000
0009af03
00000000
00000000
01010101
00670067
2900fc0d
00020500
d8010003
0003d803
0009fb03
00000000
00000000
01010102
007a007a
3100f90d
01010700
22010003
00002200
000bcd03
00000000
00000000
01010103
007d007d
3200fa0d
01010700
00010003
00000000
000c1b03
00000000
00000000
01000000
00280028
2800fa0f
00020500
00060001
00000000
0009af00
00000000
00000000
04000001
00a500a5
2900fc0f
00020500
00030003
00000000
0009fb00
00000000
00000000
04000002
00c300c3
3100f90f
01010700
00030003
00000000
000bcd00
00000000
00000000
01000003
00320032
3200fa0f
01010700
00060001
00000000
000c1b00
00000000
00000000
04000000
00280028
2800fa0f
00020500
00040003
00000000
0009af03
00000000
00000000
04000001
00290029
2900fc0f
00020500
39030003
00033903
0009fb03
00000000
00000000
04000002
00310031
3100f90f
01010700
a8040003
0000a800
000bcd03
00000000
00000000
04000003
00320032
3200fa0f
01010700
00040003
00000000
000c1b03
00000000
00000000
00000000
00000000
00000000
00000000
00000000
00000000
00000000
00000000
00000000
00000000
00000000
00000000
00000000
00000000
00000000
00000000
00000000
00000000
00000000
00000000
00000000
00000000
00000000
00000000
00000000
00000000
00000000
00000000
00000000
00000000
00000000
00000000
00000000
00000000
00000000
00000000
00000000
00000000
00000000
00000000
00000000
00000000
00000000
00000000
00000000
00000000
00000000
00000000
00000000
00000000
00000000
00000000
00000000
00000000
00000000
00000000
00000000
00000000
00000000
00000000
00000000
00000000
00000000
00000000
00000000
00000000
00000000
00000000
00000000
00000000
00000000
00000000
00000000
00000000
00000000
00000000
00000000
00000000
00000000
00000000
00000000
00000000
00000000
00000000
00000000
00000000
00000000
00000000
00000000
00000000
00000000
00000000
00000000
00000000
00000000
00000000
00000000
00000000
00000000
00000000
00000000
00000000
00000000
00000000
00000000
00000000
00000000
00000000
00000000
00000000
00000000
00000000
1f1f1f00
20212021
01011010
20202020
00000000
00000000
04000400
04000400
00000000
00000000
00000000
00000000
00000000
00000000
00000000
00000000
00000000
00000040
008040fc
03fee000
000a14a0
0e0f0c00
03050000
00000000
06131015
06050000
d4080000
00020800
00000000
20202020
20202020
20202020
20202020
20041000
09090000
00000000
fc000000
e4120a00
c43c0010
03e80190
4b6400fa
7d4b01f4
101900fa
09090909
09090909
09090909
09090909
09090909
09090909
800b0007
80060004
80000000
800b0002
80000000
0f0f6c14
0f0f6c00
0f0f6c02
05052f02
0f0f6c02
12640400
07b000b0
00000460
000002b0
000000ff
32323260
22343200
00086c00
030300ff
00000000
00000000
1e000000
000000aa
00000000
00000000
00000000
00000000
00000000
00000000
00000000
00000000
00000000
00000000
00000000
00000000
00000000
00000000
00000000
00000000
00000000
00000000
00000000
00000000
00000000
00000000
00000000
00000000
00000000
00000000
00000000
00000000
00000000
00000000
00000000
00000000
00000000
00000000
00000000
00000000
00000000
00000000
00000000
00000000
00000000
00000000
00000000
00000000
00000000
00000000
00000000
00000000
00000000
00000000
00000000
00000000
00000000
00000000
00000000
00000000
00000000
00000000
00000000
00000000
00000000
00000000
00000000
00000000
00000000
00000000
00000000
00000000
00000000
00000000
00000000
e05466b4