00640000
00010014
000a0028
0401000b
d0000002
00000007
000009af
00000000
00ce0100
00020015
000a0029
0401010c
ac03d802
00000007
000009fb
00000000
007a0203
01010018
000c0031
0601000a
ef002202
00000007
00000bcd
00000000
007d0303
01010019
000d0032
06010008
d0000002
00000007
00000c1b
00000000
00810403
0101001a
000d0034
06010008
bf001801
00000007
00000c7b
00000000
01130504
0102001c
000e0037
0601000c
ac000001
00000007
00000d51
00000000
01190604
0102001c
000e0038
0601000c
d903e300
00000007
00000d9d
00000000
004b0000
00030014
000a0028
0401010f
d0000002
03000007
000009af
00000000
00670103
00040015
000a0029
0401010e
ac03d802
03000007
000009fb
00000000
003d0203
01020018
000c0031
0601010a
ef002202
03000007
00000bcd
00000000
005e0303
01030019
000d0032
0601010c
d0005702
03000007
00000c1b
00000000
00610403
0103001a
000d0034
0601010c
bf006d01
03000007
00000c7b
00000000
00450504
0102001c
000e0037
0601000c
ac007701
02000007
00000d51
00000000
00460604
0102001c
000e0038
0601000c
d9036e00
02000007
00000d9d
00000000
01010100
00640064
2800fa0c
00020500
00030003
00000000
0009af00
00000000
00000000
01010101
00670067
2900fc0d
00020500
d8030002
0003d803
0009fb00
00000000
00000000
01010102
007a007a
3100f90e
01010700
22040003
00002200
000bcd00
00000000
00000000
01010103
007d007d
3200fa0e
01010700
00040003
00000000
000c1b00
00000000
00000000
01010100
00190019
2800fa0d
00020500
00040003
00000000
0009af03
00000000
00000000
01010101
001a001a
2900fc0d
00020500
16040003
00011601
0009fb03
00000000
00000000
02010102
003d003d
3100f90e
01010700
22030003
00002200
000bcd03
00000000
00000000
01010103
001f001f
3200fa0e
01010700
fa040003
0002fa02
000c1b03
00000000
00000000
01000000
00280028
2800fa0f
00020500
00060001
00000000
0009af00
00000000
00000000
04000001
00a500a5
2900fc0f
00020500
00030003
00000000
0009fb00
00000000
00000000
04000002
00c300c3
3100f90f
01010700
00030003
00000000
000bcd00
00000000
00000000
01000003
00320032
3200fa0f
01010700
00060001
00000000
000c1b00
00000000
00000000
04000000
00280028
2800fa0f
00020500
00040003
00000000
0009af03
00000000
00000000
04000001
00290029
2900fc0f
00020500
39030003
00033903
0009fb03
00000000
00000000
04000002
00310031
3100f90f
01010700
a8040003
0000a800
000bcd03
00000000
00000000
04000003
00320032
3200fa0f
01010700
00040003
00000000
000c1b03
00000000
00000000
00000000
00000000
00000000
00000000
00000000
00000000
00000000
00000000
00000000
00000000
00000000
00000000
00000000
00000000
00000000
00000000
00000000
00000000
00000000
00000000
00000000
00000000
00000000
00000000
00000000
00000000
00000000
00000000
00000000
00000000
00000000
00000000
00000000
00000000
00000000
00000000
00000000
00000000
00000000
00000000
00000000
00000000
00000000
00000000
00000000
00000000
00000000
00000000
00000000
00000000
00000000
00000000
00000000
00000000
00000000
00000000
00000000
00000000
00000000
00000000
00000000
00000000
00000000
00000000
00000000
00000000
00000000
00000000
00000000
00000000
00000000
00000000
00000000
00000000
00000000
00000000
00000000
00000000
00000000
00000000
00000000
00000000
00000000
00000000
00000000
00000000
00000000
00000000
00000000
00000000
00000000
00000000
00000000
00000000
00000000
00000000
00000000
00000000
00000000
00000000
00000000
00000000
00000000
00000000
00000000
00000000
00000000
00000000
00000000
00000000
00000000
00000000
1f1f1f00
20212021
01011010
20202020
00000000
00000000
04000400
04000400
00000000
00000000
00000000
00000000
00000000
00000000
00000000
00000000
00000000
00000040
008040fc
03fee000
000a14a0
0e0f0c00
03050000
00000000
06131015
06050000
d4080000
00020800
00000000
20202020
20202020
20202020
20202020
20041000
09090000
00000000
fc000000
e4120a00
c43c0010
03e80190
4b6400fa
7d4b01f4
101900fa
09090909
09090909
09090909
09090909
09090909
09090909
800b0007
80060004
80000000
800b0002
80000000
0f0f6c14
0f0f6c00
0f0f6c02
05052f02
0f0f6c02
12640400
07b000b0
00000460
000002b0
000000ff
32323260
22343200
00086c00
030300ff
00000000
00000000
1e000000
000000aa
00000000
00000000
00000000
00000000
00000000
00000000
00000000
00000000
00000000
00000000
00000000
00000000
00000000
00000000
00000000
00000000
00000000
00000000
00000000
00000000
00000000
00000000
00000000
00000000
00000000
00000000
00000000
00000000
00000000
00000000
00000000
00000000
00000000
00000000
00000000
00000000
00000000
00000000
00000000
00000000
00000000
00000000
00000000
00000000
00000000
00000000
00000000
00000000
00000000
00000000
00000000
00000000
00000000
00000000
00000000
00000000
00000000
00000000
00000000
00000000
00000000
00000000
00000000
00000000
00000000
00000000
00000000
00000000
00000000
00000000
00000000
7351c04c