00000000
00000000
00060000
ff0e0300
00000000
00000c00
00070008
00000000
00000000
00000000
030101f3
280001f3
f2000000
00000000
0c070021
00000000
00000000
40000008
00000000
3f01a200
92800ffd
00000000
44013000
00070400
04060400
3d1e4335
000000fc
1e3d0032
00000003
00001e1e
1e141414
00000000
00000000
00000ffc
00000000
ffd80040
04050000
00000000
04040000
08020000
00000053
415884c0
00000000
00000000
00000000
0f0f6c9f
0f0f6c9f
0f0f6c9f
0f0f6c9f
0f0f6c9f
00000000
00000000
00000000
00000000
00000000
00000000
00000000
00000000
00000000
00000000
00000000
00000000
000000aa
00000000
00000000
00000000
00000000
00000000
00000000
00000000
00000000
00000000
00000000
00000000
00000000
00000000
00000000
00000000
00000000
00000000
00000000
00000000
00000000
00000000
00000000
00000000
00000000
00000000
00000000
00000000
00000000
00000000
00000000
00000000
00000000
00000000
00000000
00000000
00000000
00000000
00000000
00000000
00000000
00000000
00000000
00000000
00000000
00000000
00000000
00000000
00000000
00000000
00000000
00000000
00000000
00000000
00000000
00000000
00000000
00000000
00000000
00000000
00000000
00000000
00000000
00000000
00000000
00000000
00000000
00000000
00000000
00000000
00000000
00000000
00000000
00000000
00000000
00000000
00000000
00000000
00000000
00000000
00000000
00000000
00000000
00000000
00000000
00000000
00000000
00000000
00000000
00000000
00000000
00000000
00000000
00000000
00000000
00000000
00000000
00000000
00000000
00000000
00000000
00000000
00000000
00000000
00000000
00000000
00000000
00000000
00000000
00000000
00000000
00000000
00000000
00000000
00000000
00000000
00000000
00000000
00000000
00000000
00000000
00000000
00000000
00000000
00000000
00000000
00000000
00000000
00000000
00000000
00000004
03010101
00000303
0f000800
00010203
01010042
01010100
02080206
01000404
05040601
0a020203
01000015
00000000
01000000
01010101
01010101
03030101
0000a01b
00000000
00000000
00000000
02010101
00000303
0f000b00
00010203
01010042
01010100
02080105
01000404
05040601
0a020303
01000015
01000000
01000100
01010101
01010101
04020001
0000a01b
00000000
00000000
00000000
01010000
01000202
00010001
00000000
01010042
01000000
03050004
00010000
05040601
d5020303
01000010
01010101
00010101
01010000
00000000
05010000
0000a01e
00000000
00000000
00000000
00010000
01000404
00010001
00000000
01010042
01000000
03050400
00010000
04040600
d5020403
01000010
01010101
00010101
01010000
00000000
09000000
0000a01e
00000000
00000000
00000000
00010002
00010707
00010001
02000000
01000088
01000200
000d0400
07000707
04040600
ab020403
01000021
01010101
00010101
01010000
00000000
0e000000
0000a824
00000000
00000000
00000000
00000000
00000000
00000000
00000000
00000000
00000000
00000000
00000000
00000000
00000000
00000000
00000000
00000000
00000000
00000000
00000000
00000000
00000000
00000000
00000000
00000000
00000000
00000000
00000000
00000000
00000000
00000000
00000000
00000000
00000000
00000000
00000000
00000000
00000000
00000000
00000000
00000000
00000000
00000000
00000000
00000000
00000000
00000000
00000000
00000000
00000000
00000000
00000000
00000000
00000000
00000000
00000000
20202020
20200000
00002020
20202020
20200000
20202020
20202020
00000000
20202000
20202020
00202020
00000000
16160404
04041616
16161616
01010000
01010101
31310101
03033131
03030303
03030303
08080303
08080808
08080808
08080808
08080808
08080808
08080808
08080808
08080808
08080808
08080808
08080808
08080808
08080808
08080808
00050808
00000000
00000000
00000000
00000000
00000000
00000000
00000000
00000000
00000000
00000000
00000000
00000000
00000000
00000000
00000000
00000000
00000000
00000000
00000000
00000000
00000000
00000000
00000000
00000000
00000000
00000000
00000000
00000000
00000000
00000000
00000000
00000000
00000000
00000000
00000000
00000000
00000000
00000000
00000000
00000000
00000000
00000000
00000000
00000000
00000000
00000000
00000000
00000000
00000000
00000000
00000000
00000000
00000000
00000000
00000000
00000000
00000000
00000000
00000000
00000000
00000000
00000000
00000000
00000000
00000000
00000000
00000000
00000000
00000000
00000000
00000000
00000000
00000000
00000000
00000000
00000000
00000000
00000000
00000000
00000000
00000000
00000000
00000000
00000000
00000000
00000000
00000000
00000000
00000000
00000000
00000000
00000000
00000000
00000000
00000000
00000000
00000000
00000000
00000000
00000000
00000000
00000000
00000000
00000000
00000000
00000000
00000000
00000000
00000000
00000000
00000000
00000000
00000000
00000000
00000000
00000000
00000000
00000000
00000000
00000000
00000000
00000000
00000000
00000000
00000000
00000000
00000000
00000000
00000000
00000000
