00e10001
00020017
0b002d01
01010b00
00000204
000107a5
0ae50000
00000000
00f00102
00020018
0c003001
01010a00
00000206
000007d0
0b9f0000
00000000
00000000
00000000
00000000
00000000
00000000
00000000
00000000
00000000
00000000
00000000
00000000
00000000
00000000
00000000
00000000
00000000
00000000
00000000
00000000
00000000
00000000
00000000
00000000
00000000
00000000
00000000
00000000
00000000
00000000
00000000
00000000
00000000
00000000
00000000
00000000
00000000
00000000
00000000
00000000
00000000
00380001
00020017
0b002d01
01010b00
036e0204
000107a5
0ae50048
00000000
003c0102
00020018
0c003001
01010a00
00000206
000007d0
0b9f0043
00000000
00000000
00000000
00000000
00000000
00000000
00000000
00000000
00000000
00000000
00000000
00000000
00000000
00000000
00000000
00000000
00000000
00000000
00000000
00000000
00000000
00000000
00000000
00000000
00000000
00000000
00000000
00000000
00000000
00000000
00000000
00000000
00000000
00000000
00000000
00000000
00000000
00000000
00000000
00000000
00000000
00e10200
fa0c00e1
07002d00
00030101
00000005
00000000
00000ae5
00000000
00000000
00780101
fa0c0078
07003000
00030101
00000004
00000000
00000b9f
00000000
00000000
00000000
00000000
00000000
00000000
00000000
00000000
00000000
00000000
00000000
00000000
00000000
00000000
00000000
00000000
00000000
00000000
00000000
00000000
001c0100
fa0d001c
07002d00
00030101
6e036e03
00480003
00000ae5
00000000
00000000
001e0101
fa0d001e
07003000
00030101
00000003
00430000
00000b9f
00000000
00000000
00000000
00000000
00000000
00000000
00000000
00000000
00000000
00000000
00000000
00000000
00000000
00000000
00000000
00000000
00000000
00000000
00000000
00000000
002d0100
fa0f002d
07002d00
00020101
00000001
00000000
00000ae5
00000000
00000000
00300101
fa0f002f
07003000
00010101
2f000001
00000000
00000b9f
00000000
00000000
00000000
00000000
00000000
00000000
00000000
00000000
00000000
00000000
00000000
00000000
00000000
00000000
00000000
00000000
00000000
00000000
00000000
00000000
002d0400
fa0f002d
07002d00
00030101
00000003
00480000
00000ae5
00000000
00000000
00300401
fa0f002f
07003000
00030101
2f000003
00430000
00000b9f
00000000
00000000
00000000
00000000
00000000
00000000
00000000
00000000
00000000
00000000
00000000
00000000
00000000
00000000
00000000
00000000
00000000
00000000
00000000
00000000
00000000
00000000
00000000
00000000
00000000
00000000
00000000
00000000
00000000
00000000
00000000
00000000
00000000
00000000
00000000
00000000
00000000
00000000
00000000
00000000
00000000
00000000
00000000
00000000
00000000
00000000
00000000
00000000
00000000
00000000
00000000
00000000
00000000
00000000
00000000
00000000
00000000
00000000
00000000
00000000
00000000
00000000
00000000
00000000
00000000
00000000
00000000
00000000
00000000
00000000
00000000
00000000
00000000
00000000
00000000
00000000
00000000
00000000
00000000
00000000
00000000
00000000
00000000
00000000
00000000
00000000
00000000
00000000
00000000
00000000
00000000
00000000
00000000
00000000
00000000
00000000
00000000
00000000
00000000
00000000
00000000
00000000
00000000
00000000
00000000
00000000
00000000
00000000
00000000
00000000
00000000
00000000
00000000
00000000
00000000
00000000
00000000
00000000
00000000
00000000
00000000
00000000
00000000
00000000
00000000
00000000
00000000
00000000
00000000
00000000
00000000
00000000
1f1f1f01
10111011
01011010
20202020
00000000
00000000
04000400
04000400
00000000
00000000
00000000
00000000
00000000
00000000
00000000
00000000
00000000
00000040
008040fc
03fee000
000a14a0
0e0f0c00
03050000
00000000
06131015
06050000
14000000
00000000
00000000
20202020
20202020
20202020
20202020
20041600
00000000
00000000
00000000
00000000
00000010
00000190
4b6400fa
7d4b01f4
101900fa
09090909
09090909
09090909
09090909
09090909
09090909
800b0007
80060004
80000000
800b0002
80000000
00000000
00000000
00000000
00000000
00000000
12640400
07b000b0
00000460
000002b0
00000000
09500600
07000660
000000f0
00000000
000000aa
00000000
00000000
00000000
00000000
00000000
00000000
00000000
00000000
00000000
00000000
00000000
00000000
00000000
00000000
00000000
00000000
00000000
00000000
00000000
00000000
00000000
00000000
00000000
00000000
00000000
00000000
00000000
00000000
00000000
00000000
00000000
00000000
00000000
00000000
00000000
00000000
00000000
00000000
00000000
00000000
00000000
00000000
00000000
00000000
00000000
00000000
00000000
00000000
00000000
00000000
00000000
00000000
00000000
00000000
00000000
00000000
00000000
00000000
00000000
00000000
00000000
00000000
00000000
00000000
00000000
00000000
00000000
00000000
00000000
00000000
00000000
00000000
00000000
00000000
00000000
