00500000
00010014
0a002801
01000800
00000204
000107d0
09af0000
00000000
00a50100
00020015
0a002901
01010800
00000204
000107ac
09fb0000
00000000
00c30203
00020018
0c003101
01000b00
00000206
000007ef
0bcd0000
00000000
00640303
00010019
0d003201
01000a00
00000206
000007d0
0c1b0000
00000000
00670403
0101001a
0d003401
01000800
03d80106
000007bf
0c7b0000
00000000
00dc0504
0102001c
0e003701
01000b00
00000106
000007ac
0d510000
00000000
00e10604
0102001c
0e003801
01000a00
00000006
000007d9
0d9d0000
00000000
003c0000
00030014
0a002801
01010c00
00000204
000107d0
09af0051
00000000
003e0103
00030015
0a002901
01000f00
00420204
000107ac
09fb004e
00000000
00310203
00020018
0c003101
01000c00
00a80206
000007ef
0bcd0042
00000000
00190303
00010019
0d003201
01000700
00000206
000007d0
0c1b0040
00000000
00810403
0105001a
0d003401
01010e00
00180106
000007bf
0c7b003e
00000000
00370504
0102001c
0e003701
01000b00
00000106
000007ac
0d51003b
00000000
00380604
0102001c
0e003801
01000a00
036e0006
000007d9
0d9d0039
00000000
00500100
fa0c0050
05002800
00030002
00000004
00000000
000009af
00000000
00000000
00a50201
fc0d00a5
05002900
00030002
00000005
00000000
000009fb
00000000
00000000
00c30102
f90e00c3
07003100
00030101
00000004
00000000
00000bcd
00000000
00000000
00640103
fa0e0064
07003200
00020101
00000003
00000000
00000c1b
00000000
00000000
00140100
fa0d0014
05002800
00030002
00000003
00510000
000009af
00000000
00000000
00290201
fc0d0029
05002900
00030002
39033904
004e0003
000009fb
00000000
00000000
00310202
f90f0031
07003100
00030101
a800a803
00420000
00000bcd
00000000
00000000
00190103
fa0f0019
07003200
00030101
00000002
00400000
00000c1b
00000000
00000000
00280100
fa0f0028
05002800
00010002
00000001
00000000
000009af
00000000
00000000
00a50401
fc0f00a5
05002900
00030002
00000004
00000000
000009fb
00000000
00000000
00c30402
f90f00c3
07003100
00030101
00000004
00000000
00000bcd
00000000
00000000
00320103
fa0f0032
07003200
00010101
00000001
00000000
00000c1b
00000000
00000000
00280400
fa0f0028
05002800
00030002
00000003
00510000
000009af
00000000
00000000
00290401
fc0f0029
05002900
00030002
39033904
004e0003
000009fb
00000000
00000000
00310402
f90f0031
07003100
00030101
a800a803
00420000
00000bcd
00000000
00000000
00320403
fa0f0032
07003200
00030101
00000003
00400000
00000c1b
00000000
00000000
00000000
00000000
00000000
00000000
00000000
00000000
00000000
00000000
00000000
00000000
00000000
00000000
00000000
00000000
00000000
00000000
00000000
00000000
00000000
00000000
00000000
00000000
00000000
00000000
00000000
00000000
00000000
00000000
00000000
00000000
00000000
00000000
00000000
00000000
00000000
00000000
00000000
00000000
00000000
00000000
00000000
00000000
00000000
00000000
00000000
00000000
00000000
00000000
00000000
00000000
00000000
00000000
00000000
00000000
00000000
00000000
00000000
00000000
00000000
00000000
00000000
00000000
00000000
00000000
00000000
00000000
00000000
00000000
00000000
00000000
00000000
00000000
00000000
00000000
00000000
00000000
00000000
00000000
00000000
00000000
00000000
00000000
00000000
00000000
00000000
00000000
00000000
00000000
00000000
00000000
00000000
00000000
00000000
00000000
00000000
00000000
00000000
00000000
00000000
00000000
00000000
00000000
00000000
00000000
00000000
00000000
00000000
00000000
00000000
00000000
00000000
00000000
1f1f1f01
20212021
01011010
20202020
00000000
00000000
04000400
04000400
00000000
00000000
00000000
00000000
00000000
00000000
00000000
00000000
00000000
00000040
008040fc
03fee000
000a14a0
0e0f0c00
03050000
00000000
06131015
06050000
14000000
00000000
00000000
20202020
20202020
20202020
20202020
20041600
00000000
00000000
00000000
00000000
00000010
00000190
4b6400fa
7d4b01f4
101900fa
09090909
09090909
09090909
09090909
09090909
09090909
800b0007
80060004
80000000
800b0002
80000000
00000000
00000000
00000000
00000000
00000000
12640400
07b000b0
00000460
000002b0
00000000
09500600
07000660
000000f0
00000000
000000aa
00000000
00000000
00000000
00000000
00000000
00000000
00000000
00000000
00000000
00000000
00000000
00000000
00000000
00000000
00000000
00000000
00000000
00000000
00000000
00000000
00000000
00000000
00000000
00000000
00000000
00000000
00000000
00000000
00000000
00000000
00000000
00000000
00000000
00000000
00000000
00000000
00000000
00000000
00000000
00000000
00000000
00000000
00000000
00000000
00000000
00000000
00000000
00000000
00000000
00000000
00000000
00000000
00000000
00000000
00000000
00000000
00000000
00000000
00000000
00000000
00000000
00000000
00000000
00000000
00000000
00000000
00000000
00000000
00000000
00000000
00000000
00000000
00000000
00000000
00000000
