00c80000
00010014
0a002801
01010c00
00000204
000107d0
09af0000
00000000
00ce0100
00010015
0a002901
01010900
03d80204
000107ac
09fb0000
00000000
00f40203
00010018
0c003101
01000b00
00220206
000007ef
0bcd0000
00000000
00fa0303
00010019
0d003201
01010d00
00000206
000007d0
0c1b0000
00000000
01020403
0101001a
0d003401
01010a00
00180106
000007bf
0c7b0000
00000000
01130504
0101001c
0e003701
01000c00
00000106
000007ac
0d510000
00000000
01190604
0101001c
0e003801
01000c00
03e30006
000007d9
0d9d0000
00000000
00640000
00020014
0a002801
01010f00
00000204
000107d0
09af0051
00000000
00670103
00020015
0a002901
01010e00
03d80204
000107ac
09fb004e
00000000
007a0203
00020018
0c003101
01010d00
00220206
000007ef
0bcd0042
00000000
007d0303
00020019
0d003201
01010e00
00000206
000007d0
0c1b0040
00000000
00810403
0102001a
0d003401
01010e00
00180106
000007bf
0c7b003e
00000000
00450504
0101001c
0e003701
01010900
00770106
000007ac
0d51003b
00000000
00460604
0101001c
0e003801
01010900
036e0006
000007d9
0d9d0039
00000000
00c80100
fa0c00c8
05002800
00030002
00000005
00000000
000009af
00000000
00000000
00ce0101
fc0c00ce
05002900
00020002
d803d806
00000003
000009fb
00000000
00000000
00f40102
f90d00f4
07003100
00020101
22002205
00000000
00000bcd
00000000
00000000
00fa0103
fa0d00fa
07003200
00020101
00000005
00000000
00000c1b
00000000
00000000
00320100
fa0d0032
05002800
00030002
00000004
00510000
000009af
00000000
00000000
00340101
fc0d0034
05002900
00030002
16011604
004e0001
000009fb
00000000
00000000
003d0102
f90e003d
07003100
00030101
22002204
00420000
00000bcd
00000000
00000000
003e0103
fa0e003e
07003200
00030101
fa02fa04
00400002
00000c1b
00000000
00000000
00280100
fa0f0028
05002800
00010002
00000001
00000000
000009af
00000000
00000000
00a50401
fc0f00a5
05002900
00030002
00000004
00000000
000009fb
00000000
00000000
00c30402
f90f00c3
07003100
00030101
00000004
00000000
00000bcd
00000000
00000000
00320103
fa0f0032
07003200
00010101
00000001
00000000
00000c1b
00000000
00000000
00280400
fa0f0028
05002800
00030002
00000003
00510000
000009af
00000000
00000000
00290401
fc0f0029
05002900
00030002
39033904
004e0003
000009fb
00000000
00000000
00310402
f90f0031
07003100
00030101
a800a803
00420000
00000bcd
00000000
00000000
00320403
fa0f0032
07003200
00030101
00000003
00400000
00000c1b
00000000
00000000
00000000
00000000
00000000
00000000
00000000
00000000
00000000
00000000
00000000
00000000
00000000
00000000
00000000
00000000
00000000
00000000
00000000
00000000
00000000
00000000
00000000
00000000
00000000
00000000
00000000
00000000
00000000
00000000
00000000
00000000
00000000
00000000
00000000
00000000
00000000
00000000
00000000
00000000
00000000
00000000
00000000
00000000
00000000
00000000
00000000
00000000
00000000
00000000
00000000
00000000
00000000
00000000
00000000
00000000
00000000
00000000
00000000
00000000
00000000
00000000
00000000
00000000
00000000
00000000
00000000
00000000
00000000
00000000
00000000
00000000
00000000
00000000
00000000
00000000
00000000
00000000
00000000
00000000
00000000
00000000
00000000
00000000
00000000
00000000
00000000
00000000
00000000
00000000
00000000
00000000
00000000
00000000
00000000
00000000
00000000
00000000
00000000
00000000
00000000
00000000
00000000
00000000
00000000
00000000
00000000
00000000
00000000
00000000
00000000
00000000
00000000
00000000
1f1f1f01
20212021
01011010
20202020
00000000
00000000
04000400
04000400
00000000
00000000
00000000
00000000
00000000
00000000
00000000
00000000
00000000
00000040
008040fc
03fee000
000a14a0
0e0f0c00
03050000
00000000
06131015
06050000
14000000
00000000
00000000
20202020
20202020
20202020
20202020
20041600
00000000
00000000
00000000
00000000
00000010
00000190
4b6400fa
7d4b01f4
101900fa
09090909
09090909
09090909
09090909
09090909
09090909
800b0007
80060004
80000000
800b0002
80000000
00000000
00000000
00000000
00000000
00000000
12640400
07b000b0
00000460
000002b0
00000000
09500600
07000660
000000f0
00000000
000000aa
00000000
00000000
00000000
00000000
00000000
00000000
00000000
00000000
00000000
00000000
00000000
00000000
00000000
00000000
00000000
00000000
00000000
00000000
00000000
00000000
00000000
00000000
00000000
00000000
00000000
00000000
00000000
00000000
00000000
00000000
00000000
00000000
00000000
00000000
00000000
00000000
00000000
00000000
00000000
00000000
00000000
00000000
00000000
00000000
00000000
00000000
00000000
00000000
00000000
00000000
00000000
00000000
00000000
00000000
00000000
00000000
00000000
00000000
00000000
00000000
00000000
00000000
00000000
00000000
00000000
00000000
00000000
00000000
00000000
00000000
00000000
00000000
00000000
00000000
00000000
