014d0000
00010014
0a002801
01010e00
03df0204
000107d0
09af0000
00000000
01580100
00010015
0a002901
01010c00
00180204
000107ac
09fb0000
00000000
01960203
00010018
0c003101
01000f00
03ec0206
000007ef
0bcd0000
00000000
01a10303
00010019
0d003201
01010f00
001a0206
000007d0
0c1b0000
00000000
01ae0403
0101001a
0d003401
01010c00
00180106
000007bf
0c7b0000
00000000
01ca0504
0101001c
0e003701
01010c00
03e80106
000007ac
0d510000
00000000
01d50604
0101001c
0e003801
01010c00
00110006
000007d9
0d9d0000
00000000
00530000
00010014
0a002801
01010e00
037d0204
000107d0
09af0051
00000000
00ac0103
00020015
0a002901
00020c00
00180204
000107ac
09fb004e
00000000
00cb0203
00020018
0c003101
01010f00
03ec0206
000007ef
0bcd0042
00000000
00680303
00010019
0d003201
01010d00
03cc0206
000007d0
0c1b0040
00000000
006b0403
0101001a
0d003401
01010d00
037f0106
000007bf
0c7b003e
00000000
00e50504
0102001c
0e003701
01010f00
03e80106
000007ac
0d51003b
00000000
00750604
0101001c
0e003801
01010c00
03cc0006
000007d9
0d9d0039
00000000
014d0100
fa0c014d
05002800
00030002
df03df06
00000003
000009af
00000000
00000000
01580101
fc0c0158
05002900
00030002
18001806
00000000
000009fb
00000000
00000000
01960102
f90d0196
07003100
00030101
ec03ec06
00000003
00000bcd
00000000
00000000
01a10103
fa0d01a1
07003200
00030101
1a001a06
00000000
00000c1b
00000000
00000000
00530100
fa0e0053
05002800
00030002
7d037d05
00510003
000009af
00000000
00000000
00560101
fc0d0056
05002900
00030002
18001806
004e0000
000009fb
00000000
00000000
00660102
f90d0066
07003100
00030101
8d008d06
00420000
00000bcd
00000000
00000000
00680103
fa0d0068
07003200
00030101
cc03cc06
00400003
00000c1b
00000000
00000000
00280100
fa0f0028
05002800
00010002
00000001
00000000
000009af
00000000
00000000
00a50401
fc0f00a5
05002900
00030002
00000004
00000000
000009fb
00000000
00000000
00c30402
f90f00c3
07003100
00030101
00000004
00000000
00000bcd
00000000
00000000
00320103
fa0f0032
07003200
00010101
00000001
00000000
00000c1b
00000000
00000000
00280400
fa0f0028
05002800
00030002
00000003
00510000
000009af
00000000
00000000
00290401
fc0f0029
05002900
00030002
39033904
004e0003
000009fb
00000000
00000000
00310402
f90f0031
07003100
00030101
a800a803
00420000
00000bcd
00000000
00000000
00320403
fa0f0032
07003200
00030101
00000003
00400000
00000c1b
00000000
00000000
00000000
00000000
00000000
00000000
00000000
00000000
00000000
00000000
00000000
00000000
00000000
00000000
00000000
00000000
00000000
00000000
00000000
00000000
00000000
00000000
00000000
00000000
00000000
00000000
00000000
00000000
00000000
00000000
00000000
00000000
00000000
00000000
00000000
00000000
00000000
00000000
00000000
00000000
00000000
00000000
00000000
00000000
00000000
00000000
00000000
00000000
00000000
00000000
00000000
00000000
00000000
00000000
00000000
00000000
00000000
00000000
00000000
00000000
00000000
00000000
00000000
00000000
00000000
00000000
00000000
00000000
00000000
00000000
00000000
00000000
00000000
00000000
00000000
00000000
00000000
00000000
00000000
00000000
00000000
00000000
00000000
00000000
00000000
00000000
00000000
00000000
00000000
00000000
00000000
00000000
00000000
00000000
00000000
00000000
00000000
00000000
00000000
00000000
00000000
00000000
00000000
00000000
00000000
00000000
00000000
00000000
00000000
00000000
00000000
00000000
00000000
00000000
1f1f1f01
20212021
01011010
20202020
00000000
00000000
04000400
04000400
00000000
00000000
00000000
00000000
00000000
00000000
00000000
00000000
00000000
00000040
008040fc
03fee000
000a14a0
0e0f0c00
03050000
00000000
06131015
06050000
14000000
00000000
00000000
20202020
20202020
20202020
20202020
20041600
00000000
00000000
00000000
00000000
00000010
00000190
4b6400fa
7d4b01f4
101900fa
09090909
09090909
09090909
09090909
09090909
09090909
800b0007
80060004
80000000
800b0002
80000000
00000000
00000000
00000000
00000000
00000000
12640400
07b000b0
00000460
000002b0
00000000
09500600
07000660
000000f0
00000000
000000aa
00000000
00000000
00000000
00000000
00000000
00000000
00000000
00000000
00000000
00000000
00000000
00000000
00000000
00000000
00000000
00000000
00000000
00000000
00000000
00000000
00000000
00000000
00000000
00000000
00000000
00000000
00000000
00000000
00000000
00000000
00000000
00000000
00000000
00000000
00000000
00000000
00000000
00000000
00000000
00000000
00000000
00000000
00000000
00000000
00000000
00000000
00000000
00000000
00000000
00000000
00000000
00000000
00000000
00000000
00000000
00000000
00000000
00000000
00000000
00000000
00000000
00000000
00000000
00000000
00000000
00000000
00000000
00000000
00000000
00000000
00000000
00000000
00000000
00000000
00000000
