00500000
00010014
000a0028
0001000a
0007d000
af000000
00000009
00000000
00a50100
00020015
000a0029
0001010b
0007ac00
fb000000
00000009
00000000
00c30203
00020018
000c0031
0001000d
0007ef00
cd000000
0000000b
00000000
00640303
01010019
000d0032
00010007
0007d000
1b000000
0000000c
00000000
00670403
0101001a
000d0034
d8010007
0007bf03
7b000000
0000000c
00000000
01a90504
0104001b
000d0035
0001000e
0007b000
db000000
0000000c
00000000
00dc0604
0102001c
000e0037
0001000b
0007ac00
51000000
0000000d
00000000
00e10704
0102001c
000e0038
0001000a
0007d900
9d000000
0000000d
00000000
00e00804
0102001c
000e0038
0001000a
0007d000
8f000000
0000000d
00000000
003c0000
00030014
000a0028
0001010e
0007d000
af005100
00000009
00000000
003e0100
00030015
000a0029
4201000f
0007ac00
fb004e00
00000009
00000000
00310203
00020018
000c0031
a801000d
0007ef00
cd004200
0000000b
00000000
00190303
01010019
000d0032
00010007
0007d000
1b004000
0000000c
00000000
00810403
0105001a
000d0034
1801010e
0007bf00
7b003e00
0000000c
00000000
00350504
0102001b
000d0035
b301000b
0007b003
db003d00
0000000c
00000000
00370604
0102001c
000e0037
0001000b
0007ac00
51003b00
0000000d
00000000
00380704
0102001c
000e0038
6e01000a
0007d903
9d003900
0000000d
00000000
00380804
0102001c
000e0038
0001000a
0007d000
8f003900
0000000d
00000000
00500100
fa0c0050
05002800
00030002
00000004
00000000
000009af
00000000
00000000
00a50201
fc0d00a5
05002900
00030002
00000005
00000000
000009fb
00000000
00000000
00c30102
f90e00c3
07003100
00030101
00000004
00000000
00000bcd
00000000
00000000
00640103
fa0e0064
07003200
00020101
00000003
00000000
00000c1b
00000000
00000000
00140100
fa0d0014
05002800
00030002
00000003
00510000
000009af
00000000
00000000
00290201
fc0d0029
05002900
00030002
39033904
004e0003
000009fb
00000000
00000000
00310202
f90f0031
07003100
00030101
a800a803
00420000
00000bcd
00000000
00000000
00190103
fa0f0019
07003200
00030101
00000002
00400000
00000c1b
00000000
00000000
00280100
fa0f0028
05002800
00010002
00000001
00000000
000009af
00000000
00000000
00a50401
fc0f00a5
05002900
00030002
00000004
00000000
000009fb
00000000
00000000
00c30402
f90f00c3
07003100
00030101
00000004
00000000
00000bcd
00000000
00000000
00320103
fa0f0032
07003200
00010101
00000001
00000000
00000c1b
00000000
00000000
00280400
fa0f0028
05002800
00030002
00000003
00510000
000009af
00000000
00000000
00290401
fc0f0029
05002900
00030002
39033904
004e0003
000009fb
00000000
00000000
00310402
f90f0031
07003100
00030101
a800a803
00420000
00000bcd
00000000
00000000
00320403
fa0f0032
07003200
00030101
00000003
00400000
00000c1b
00000000
00000000
00000000
00000000
00000000
00000000
00000000
00000000
00000000
00000000
00000000
00000000
00000000
00000000
00000000
00000000
00000000
00000000
00000000
00000000
00000000
00000000
00000000
00000000
00000000
00000000
00000000
00000000
00000000
00000000
00000000
00000000
00000000
00000000
00000000
00000000
00000000
00000000
00000000
00000000
00000000
00000000
00000000
00000000
00000000
00000000
00000000
00000000
00000000
00000000
00000000
00000000
00000000
00000000
00000000
00000000
00000000
00000000
00000000
00000000
00000000
00000000
00000000
00000000
00000000
00000000
00000000
00000000
00000000
00000000
00000000
00000000
00000000
00000000
00000000
00000000
00000000
00000000
00000000
00000000
00000000
00000000
1f1f1f01
20212021
01011010
20202020
00000000
00000000
04000400
04000400
00000000
00000000
00000000
00000000
00000000
00000000
00000000
00000000
00000000
00000000
008000fc
03fe8000
00000000
0e0f0c00
00000000
00000000
06131015
06050000
00000001
00000000
00000000
20202020
20202020
20202020
20202020
20080000
00000000
00000000
00000000
06050000
00000010
00000000
00000000
00000000
00000000
00000000
00000000
00000000
00000000
00000000
00000000
00000000
00000000
00000000
00000000
00000000
00000000
00000000
00000000
00000000
00000000
00000000
00000000
00000000
00000000
00000000
00000000
00000000
00000000
00000000
00000000
00000000
00000000
00000000
00000000
00000000
00000000
00000000
00000000
00000000
00000000
00000000
00000000
00000000
00000000
00000000
00000000
00000000
00000000
00000000
00000000
00000000
00000000
00000000
00000000
00000000
00000000
00000000
00000000
00000000
00000000
00000000
00000000
00000000
00000000
00000000
00000000
00000000
00000000
00000000
00000000
00000000
00000000
00000000
00000000
00000000
00000000
00000000
00000000
00000000
00000000
00000000
00000000
00000000
00000000
00000000
00000000
00000000
00000000
00000000
00000000
00000000
00000000
00000000
00000000
00000000
00000000
00000000
00000000
00000000
00000000
00000000
00000000
00000000
00000000
00000000
