01900000
00010014
000a0028
0001010f
0007d000
af000000
00000009
00000000
019d0100
00010015
000a0029
2801010f
0007ac00
fb000000
00000009
00000000
01e80203
00010018
000c0031
2201010e
0007ef00
cd000000
0000000b
00000000
01f40303
01010019
000d0032
0001010e
0007d000
1b000000
0000000c
00000000
02040403
0101001a
000d0034
1801010d
0007bf00
7b000000
0000000c
00000000
02130504
0101001b
000d0035
f101010d
0007b003
db000000
0000000c
00000000
02260604
0101001c
000e0037
0001010d
0007ac00
51000000
0000000d
00000000
02330704
0101001c
000e0038
1d01010d
0007d900
9d000000
0000000d
00000000
02300804
0101001c
000e0038
0001010d
0007d000
8f000000
0000000d
00000000
00640000
00010014
000a0028
0001010f
0007d000
af005100
00000009
00000000
00670100
00010015
000a0029
d801010f
0007ac03
fb004e00
00000009
00000000
007a0203
00010018
000c0031
2201010d
0007ef00
cd004200
0000000b
00000000
007d0303
01010019
000d0032
0001010e
0007d000
1b004000
0000000c
00000000
00810403
0101001a
000d0034
1801010e
0007bf00
7b003e00
0000000c
00000000
00850504
0101001b
000d0035
2e01010d
0007b000
db003d00
0000000c
00000000
008a0604
0101001c
000e0037
7701010c
0007ac00
51003b00
0000000d
00000000
008d0704
0101001c
000e0038
5701010d
0007d900
9d003900
0000000d
00000000
008c0804
0101001c
000e0038
0001010d
0007d000
8f003900
0000000d
00000000
01900100
fa0c0190
05002800
00030002
00000006
00000000
000009af
00000000
00000000
019c0101
fc0c019c
05002900
00030002
d803d806
00000003
000009fb
00000000
00000000
01e70102
f90d01e7
07003100
00030101
de03de06
00000003
00000bcd
00000000
00000000
01f40103
fa0d01f4
07003200
00030101
00000006
00000000
00000c1b
00000000
00000000
00640100
fa0d0064
05002800
00030002
00000006
00510000
000009af
00000000
00000000
00670101
fc0d0067
05002900
00030002
d803d806
004e0003
000009fb
00000000
00000000
007a0102
f90d007a
07003100
00030101
22002206
00420000
00000bcd
00000000
00000000
007d0103
fa0d007d
07003200
00030101
00000006
00400000
00000c1b
00000000
00000000
00280100
fa0f0028
05002800
00010002
00000001
00000000
000009af
00000000
00000000
00a50401
fc0f00a5
05002900
00030002
00000004
00000000
000009fb
00000000
00000000
00c30402
f90f00c3
07003100
00030101
00000004
00000000
00000bcd
00000000
00000000
00320103
fa0f0032
07003200
00010101
00000001
00000000
00000c1b
00000000
00000000
00280400
fa0f0028
05002800
00030002
00000003
00510000
000009af
00000000
00000000
00290401
fc0f0029
05002900
00030002
39033904
004e0003
000009fb
00000000
00000000
00310402
f90f0031
07003100
00030101
a800a803
00420000
00000bcd
00000000
00000000
00320403
fa0f0032
07003200
00030101
00000003
00400000
00000c1b
00000000
00000000
00000000
00000000
00000000
00000000
00000000
00000000
00000000
00000000
00000000
00000000
00000000
00000000
00000000
00000000
00000000
00000000
00000000
00000000
00000000
00000000
00000000
00000000
00000000
00000000
00000000
00000000
00000000
00000000
00000000
00000000
00000000
00000000
00000000
00000000
00000000
00000000
00000000
00000000
00000000
00000000
00000000
00000000
00000000
00000000
00000000
00000000
00000000
00000000
00000000
00000000
00000000
00000000
00000000
00000000
00000000
00000000
00000000
00000000
00000000
00000000
00000000
00000000
00000000
00000000
00000000
00000000
00000000
00000000
00000000
00000000
00000000
00000000
00000000
00000000
00000000
00000000
00000000
00000000
00000000
00000000
1f1f1f01
20212021
01011010
20202020
00000000
00000000
04000400
04000400
00000000
00000000
00000000
00000000
00000000
00000000
00000000
00000000
00000000
00000000
008000fc
03fe8000
00000000
0e0f0c00
00000000
00000000
06131015
06050000
00000001
00000000
00000000
20202020
20202020
20202020
20202020
20080000
00000000
00000000
00000000
06050000
00000010
00000000
00000000
00000000
00000000
00000000
00000000
00000000
00000000
00000000
00000000
00000000
00000000
00000000
00000000
00000000
00000000
00000000
00000000
00000000
00000000
00000000
00000000
00000000
00000000
00000000
00000000
00000000
00000000
00000000
00000000
00000000
00000000
00000000
00000000
00000000
00000000
00000000
00000000
00000000
00000000
00000000
00000000
00000000
00000000
00000000
00000000
00000000
00000000
00000000
00000000
00000000
00000000
00000000
00000000
00000000
00000000
00000000
00000000
00000000
00000000
00000000
00000000
00000000
00000000
00000000
00000000
00000000
00000000
00000000
00000000
00000000
00000000
00000000
00000000
00000000
00000000
00000000
00000000
00000000
00000000
00000000
00000000
00000000
00000000
00000000
00000000
00000000
00000000
00000000
00000000
00000000
00000000
00000000
00000000
00000000
00000000
00000000
00000000
00000000
00000000
00000000
00000000
00000000
00000000
00000000
