00a00000
00010014
000a0028
0001000e
0007e000
09af0000
00000000
00000000
00a50100
00010015
000a0029
0001010b
0007bc00
09fb0000
00000000
00000000
00c30203
00010018
000c0031
0001000d
00080000
0bcd0000
00000000
00000000
00c80303
01010019
000d0032
0001000b
0007e000
0c1b0000
00000000
00000000
00ce0403
0101001a
000d0034
d801000b
0007cf03
0c7b0000
00000000
00000000
01a90504
0102001b
000d0035
0001000e
0007bf00
0cdb0000
00000000
00000000
00dc0604
0101001c
000e0037
0001000b
0007bc00
0d510000
00000000
00000000
00e10704
0101001c
000e0038
0001000a
0007e900
0d9d0000
00000000
00000000
00e00804
0101001c
000e0038
0001000a
0007e000
0d8f0000
00000000
00000000
00780000
00030014
000a0028
0001010f
0007e000
09af0300
00000000
00000000
00a50100
00040015
000a0029
0001020c
0007bc00
09fb0300
00000000
00000000
00310203
00010018
000c0031
a801000d
00080000
0bcd0300
00000000
00000000
00320303
01010019
000d0032
0001000b
0007e000
0c1b0300
00000000
00000000
009b0403
0103001a
000d0034
4201010f
0007cf00
0c7b0300
00000000
00000000
00350504
0101001b
000d0035
b301000b
0007bf03
0cdb0300
00000000
00000000
00370604
0101001c
000e0037
0001000b
0007bc00
0d510200
00000000
00000000
00380704
0101001c
000e0038
6e01000a
0007e903
0d9d0200
00000000
00000000
00380804
0101001c
000e0038
0001000a
0007e000
0d8f0200
00000000
00000000
00a00100
fc0d00a0
05002800
00030002
00000005
af000000
00000009
00000000
00000000
00a50101
fe0c00a5
05002900
00030002
00000005
fb000000
00000009
00000000
00000000
00c30102
fb0d00c3
07003100
00020101
00000005
cd000000
0000000b
00000000
00000000
00c80103
fc0d00c8
07003200
00020101
00000005
1b000000
0000000c
00000000
00000000
00280100
fc0d0028
05002800
00030002
00000004
af030000
00000009
00000000
00000000
00290101
fe0d0029
05002900
00030002
39033904
fb030003
00000009
00000000
00000000
00310102
fb0e0031
07003100
00030101
a800a803
cd030000
0000000b
00000000
00000000
00320103
fc0e0032
07003200
00030101
00000003
1b030000
0000000c
00000000
00000000
00280100
fa0f0028
05002800
00010002
00000001
af000000
00000009
00000000
00000000
00a50401
fc0f00a5
05002900
00030002
00000004
fb000000
00000009
00000000
00000000
00c30402
f90f00c3
07003100
00030101
00000004
cd000000
0000000b
00000000
00000000
00320103
fa0f0032
07003200
00010101
00000001
1b000000
0000000c
00000000
00000000
00280400
fa0f0028
05002800
00030002
00000003
af030000
00000009
00000000
00000000
00290401
fc0f0029
05002900
00030002
39033904
fb030003
00000009
00000000
00000000
00310402
f90f0031
07003100
00030101
a800a803
cd030000
0000000b
00000000
00000000
00320403
fa0f0032
07003200
00030101
00000003
1b030000
0000000c
00000000
00000000
00000000
00000000
00000000
00000000
00000000
00000000
00000000
00000000
00000000
00000000
00000000
00000000
00000000
00000000
00000000
00000000
00000000
00000000
00000000
00000000
00000000
00000000
00000000
00000000
00000000
00000000
00000000
00000000
00000000
00000000
00000000
00000000
00000000
00000000
00000000
00000000
00000000
00000000
00000000
00000000
00000000
00000000
00000000
00000000
00000000
00000000
00000000
00000000
00000000
00000000
00000000
00000000
00000000
00000000
00000000
00000000
00000000
00000000
00000000
00000000
00000000
00000000
00000000
00000000
00000000
00000000
00000000
00000000
00000000
00000000
00000000
00000000
00000000
00000000
00000000
00000000
00000000
00000000
00000000
00000000
1f1f1f01
20212021
01011010
20202020
00000000
00000000
04000400
04000400
00000000
00000000
00000000
00000000
00000000
00000000
00000000
00000000
00000000
00000000
008000fc
03fe8000
00000000
0e0f0c00
00000000
00000000
06131015
06050000
00000001
00000000
00000000
20202020
20202020
20202020
20202020
20080000
00000000
00000000
00000000
06050000
00000010
00000000
00000000
00000000
00000000
00000000
00000000
00000000
00000000
00000000
00000000
00000000
00000000
00000000
00000000
00000000
00000000
00000000
00000000
00000000
00000000
00000000
00000000
00000000
00000000
00000000
00000000
00000000
00000000
00000000
00000000
00000000
00000000
00000000
00000000
00000000
00000000
00000000
00000000
00000000
00000000
00000000
00000000
00000000
00000000
00000000
00000000
00000000
00000000
00000000
00000000
00000000
00000000
00000000
00000000
00000000
00000000
00000000
00000000
00000000
00000000
00000000
00000000
00000000
00000000
00000000
00000000
00000000
00000000
00000000
00000000
00000000
00000000
00000000
00000000
00000000
00000000
00000000
00000000
00000000
00000000
00000000
00000000
00000000
00000000
00000000
00000000
00000000
00000000
00000000
00000000
00000000
00000000
00000000
00000000
00000000
00000000
00000000
00000000
00000000
00000000
00000000
00000000
00000000
00000000
00000000
