014d0000
00010014
000a0028
df01010e
0007d003
09af0000
00000000
00000000
01580100
00010015
000a0029
1801010f
0007ac00
09fb0000
00000000
00000000
01960203
00010018
000c0031
ec01010e
0007ef03
0bcd0000
00000000
00000000
01a10303
01010019
000d0032
1a01010d
0007d000
0c1b0000
00000000
00000000
01ae0403
0101001a
000d0034
1801010c
0007bf00
0c7b0000
00000000
00000000
01bb0504
0101001b
000d0035
1601010c
0007b000
0cdb0000
00000000
00000000
01ca0604
0101001c
000e0037
e801010c
0007ac03
0d510000
00000000
00000000
01d50704
0101001c
000e0038
1101010c
0007d900
0d9d0000
00000000
00000000
01d30804
0101001c
000e0038
1701010c
0007d000
0d8f0000
00000000
00000000
00530000
00010014
000a0028
7d01010f
0007d003
09af0300
00000000
00000000
00ac0100
00020015
000a0029
1801020c
0007ac00
09fb0300
00000000
00000000
00cb0203
00020018
000c0031
ec01010f
0007ef03
0bcd0300
00000000
00000000
00680303
01010019
000d0032
cc01010d
0007d003
0c1b0300
00000000
00000000
006b0403
0101001a
000d0034
7f01010d
0007bf03
0c7b0300
00000000
00000000
006f0504
0101001b
000d0035
6001010c
0007b000
0cdb0300
00000000
00000000
00e50604
0102001c
000e0037
e801010f
0007ac03
0d510200
00000000
00000000
00750704
0101001c
000e0038
cc01010c
0007d903
0d9d0200
00000000
00000000
00750804
0101001c
000e0038
5e01010c
0007d000
0d8f0200
00000000
00000000
014d0100
fa0c014d
05002800
00030002
df03df06
af000003
00000009
00000000
00000000
01580101
fc0c0158
05002900
00030002
18001806
fb000000
00000009
00000000
00000000
01960102
f90d0196
07003100
00030101
ec03ec06
cd000003
0000000b
00000000
00000000
01a10103
fa0d01a1
07003200
00030101
1a001a06
1b000000
0000000c
00000000
00000000
00530100
fa0e0053
05002800
00030002
7d037d05
af030003
00000009
00000000
00000000
00560101
fc0d0056
05002900
00030002
18001806
fb030000
00000009
00000000
00000000
00660102
f90d0066
07003100
00030101
8d008d06
cd030000
0000000b
00000000
00000000
00680103
fa0d0068
07003200
00030101
cc03cc06
1b030003
0000000c
00000000
00000000
00280100
fa0f0028
05002800
00010002
00000001
af000000
00000009
00000000
00000000
00a50401
fc0f00a5
05002900
00030002
00000004
fb000000
00000009
00000000
00000000
00c30402
f90f00c3
07003100
00030101
00000004
cd000000
0000000b
00000000
00000000
00320103
fa0f0032
07003200
00010101
00000001
1b000000
0000000c
00000000
00000000
00280400
fa0f0028
05002800
00030002
00000003
af030000
00000009
00000000
00000000
00290401
fc0f0029
05002900
00030002
39033904
fb030003
00000009
00000000
00000000
00310402
f90f0031
07003100
00030101
a800a803
cd030000
0000000b
00000000
00000000
00320403
fa0f0032
07003200
00030101
00000003
1b030000
0000000c
00000000
00000000
00000000
00000000
00000000
00000000
00000000
00000000
00000000
00000000
00000000
00000000
00000000
00000000
00000000
00000000
00000000
00000000
00000000
00000000
00000000
00000000
00000000
00000000
00000000
00000000
00000000
00000000
00000000
00000000
00000000
00000000
00000000
00000000
00000000
00000000
00000000
00000000
00000000
00000000
00000000
00000000
00000000
00000000
00000000
00000000
00000000
00000000
00000000
00000000
00000000
00000000
00000000
00000000
00000000
00000000
00000000
00000000
00000000
00000000
00000000
00000000
00000000
00000000
00000000
00000000
00000000
00000000
00000000
00000000
00000000
00000000
00000000
00000000
00000000
00000000
00000000
00000000
00000000
00000000
00000000
00000000
1f1f1f01
20212021
01011010
20202020
00000000
00000000
04000400
04000400
00000000
00000000
00000000
00000000
00000000
00000000
00000000
00000000
00000000
00000000
008000fc
03fe8000
00000000
0e0f0c00
00000000
00000000
06131015
06050000
00000001
00000000
00000000
20202020
20202020
20202020
20202020
20080000
00000000
00000000
00000000
06050000
00000010
00000000
00000000
00000000
00000000
00000000
00000000
00000000
00000000
00000000
00000000
00000000
00000000
00000000
00000000
00000000
00000000
00000000
00000000
00000000
00000000
00000000
00000000
00000000
00000000
00000000
00000000
00000000
00000000
00000000
00000000
00000000
00000000
00000000
00000000
00000000
00000000
00000000
00000000
00000000
00000000
00000000
00000000
00000000
00000000
00000000
00000000
00000000
00000000
00000000
00000000
00000000
00000000
00000000
00000000
00000000
00000000
00000000
00000000
00000000
00000000
00000000
00000000
00000000
00000000
00000000
00000000
00000000
00000000
00000000
00000000
00000000
00000000
00000000
00000000
00000000
00000000
00000000
00000000
00000000
00000000
00000000
00000000
00000000
00000000
00000000
00000000
00000000
00000000
00000000
00000000
00000000
00000000
00000000
00000000
00000000
00000000
00000000
00000000
00000000
00000000
00000000
00000000
00000000
00000000
00000000
