00640000
00010014
000a0028
0001000b
0007d000
09af0000
00000000
00000000
00ce0100
00020015
000a0029
d801010c
0007ac03
09fb0000
00000000
00000000
007a0203
00010018
000c0031
2201000a
0007ef00
0bcd0000
00000000
00000000
007d0303
01010019
000d0032
00010008
0007d000
0c1b0000
00000000
00000000
00810403
0101001a
000d0034
18010008
0007bf00
0c7b0000
00000000
00000000
010a0504
0102001b
000d0035
2e01000c
0007b000
0cdb0000
00000000
00000000
01130604
0102001c
000e0037
0001000c
0007ac00
0d510000
00000000
00000000
01190704
0102001c
000e0038
e301000c
0007d903
0d9d0000
00000000
00000000
01180804
0102001c
000e0038
0001000c
0007d000
0d8f0000
00000000
00000000
004b0000
00030014
000a0028
0001010f
0007d000
09af0300
00000000
00000000
00670100
00040015
000a0029
d801010e
0007ac03
09fb0300
00000000
00000000
003d0203
00020018
000c0031
2201010a
0007ef00
0bcd0300
00000000
00000000
005e0303
01030019
000d0032
5701010c
0007d000
0c1b0300
00000000
00000000
00610403
0103001a
000d0034
6d01010c
0007bf00
0c7b0300
00000000
00000000
00850504
0104001b
000d0035
2e01000f
0007b000
0cdb0300
00000000
00000000
00450604
0102001c
000e0037
7701000c
0007ac00
0d510200
00000000
00000000
00460704
0102001c
000e0038
6e01000c
0007d903
0d9d0200
00000000
00000000
00460804
0102001c
000e0038
0001000c
0007d000
0d8f0200
00000000
00000000
00640100
fa0c0064
05002800
00030002
00000004
af000000
00000009
00000000
00000000
00670101
fc0d0067
05002900
00020002
d803d804
fb000003
00000009
00000000
00000000
007a0102
f90e007a
07003100
00030101
22002203
cd000000
0000000b
00000000
00000000
007d0103
fa0e007d
07003200
00030101
00000003
1b000000
0000000c
00000000
00000000
00190100
fa0d0019
05002800
00030002
00000003
af030000
00000009
00000000
00000000
001a0101
fc0d001a
05002900
00030002
16011603
fb030001
00000009
00000000
00000000
003d0202
f90e003d
07003100
00030101
22002204
cd030000
0000000b
00000000
00000000
001f0103
fa0e001f
07003200
00030101
fa02fa03
1b030002
0000000c
00000000
00000000
00280100
fa0f0028
05002800
00010002
00000001
af000000
00000009
00000000
00000000
00a50401
fc0f00a5
05002900
00030002
00000004
fb000000
00000009
00000000
00000000
00c30402
f90f00c3
07003100
00030101
00000004
cd000000
0000000b
00000000
00000000
00320103
fa0f0032
07003200
00010101
00000001
1b000000
0000000c
00000000
00000000
00280400
fa0f0028
05002800
00030002
00000003
af030000
00000009
00000000
00000000
00290401
fc0f0029
05002900
00030002
39033904
fb030003
00000009
00000000
00000000
00310402
f90f0031
07003100
00030101
a800a803
cd030000
0000000b
00000000
00000000
00320403
fa0f0032
07003200
00030101
00000003
1b030000
0000000c
00000000
00000000
00000000
00000000
00000000
00000000
00000000
00000000
00000000
00000000
00000000
00000000
00000000
00000000
00000000
00000000
00000000
00000000
00000000
00000000
00000000
00000000
00000000
00000000
00000000
00000000
00000000
00000000
00000000
00000000
00000000
00000000
00000000
00000000
00000000
00000000
00000000
00000000
00000000
00000000
00000000
00000000
00000000
00000000
00000000
00000000
00000000
00000000
00000000
00000000
00000000
00000000
00000000
00000000
00000000
00000000
00000000
00000000
00000000
00000000
00000000
00000000
00000000
00000000
00000000
00000000
00000000
00000000
00000000
00000000
00000000
00000000
00000000
00000000
00000000
00000000
00000000
00000000
00000000
00000000
00000000
00000000
1f1f1f01
20212021
01011010
20202020
00000000
00000000
04000400
04000400
00000000
00000000
00000000
00000000
00000000
00000000
00000000
00000000
00000000
00000000
008000fc
03fe8000
00000000
0e0f0c00
00000000
00000000
06131015
06050000
00000001
00000000
00000000
20202020
20202020
20202020
20202020
20080000
00000000
00000000
00000000
06050000
00000010
00000000
00000000
00000000
00000000
00000000
00000000
00000000
00000000
00000000
00000000
00000000
00000000
00000000
00000000
00000000
00000000
00000000
00000000
00000000
00000000
00000000
00000000
00000000
00000000
00000000
00000000
00000000
00000000
00000000
00000000
00000000
00000000
00000000
00000000
00000000
00000000
00000000
00000000
00000000
00000000
00000000
00000000
00000000
00000000
00000000
00000000
00000000
00000000
00000000
00000000
00000000
00000000
00000000
00000000
00000000
00000000
00000000
00000000
00000000
00000000
00000000
00000000
00000000
00000000
00000000
00000000
00000000
00000000
00000000
00000000
00000000
00000000
00000000
00000000
00000000
00000000
00000000
00000000
00000000
00000000
00000000
00000000
00000000
00000000
00000000
00000000
00000000
00000000
00000000
00000000
00000000
00000000
00000000
00000000
00000000
00000000
00000000
00000000
00000000
00000000
00000000
00000000
00000000
00000000
00000000
