014d0000
00010014
0a002801
01010e00
03df0204
000107d0
0009af00
00000000
01580100
00010015
0a002901
01010c00
00180204
000107ac
0009fb00
00000000
01960203
00010018
0c003101
01000f00
03ec0206
000007ef
000bcd00
00000000
01a10303
00010019
0d003201
01010f00
001a0206
000007d0
000c1b00
00000000
01ae0403
0101001a
0d003401
01010c00
00180106
000007bf
000c7b00
00000000
01ca0504
0101001c
0e003701
01010c00
03e80106
000007ac
000d5100
00000000
01d50604
0101001c
0e003801
01010c00
00110006
000007d9
000d9d00
00000000
00530000
00010014
0a002801
01010e00
037d0204
000107d0
0009af03
00000000
00ac0103
00020015
0a002901
00020c00
00180204
000107ac
0009fb03
00000000
00cb0203
00020018
0c003101
01010f00
03ec0206
000007ef
000bcd03
00000000
00680303
00010019
0d003201
01010d00
03cc0206
000007d0
000c1b03
00000000
006b0403
0101001a
0d003401
01010d00
037f0106
000007bf
000c7b03
00000000
00e50504
0102001c
0e003701
01010f00
03e80106
000007ac
000d5102
00000000
00750604
0101001c
0e003801
01010c00
03cc0006
000007d9
000d9d02
00000000
01010100
014d014d
2800fa0c
00020500
df060003
0003df03
0009af00
00000000
00000000
01010101
01580158
2900fc0c
00020500
18060003
00001800
0009fb00
00000000
00000000
01010102
01960196
3100f90d
01010700
ec060003
0003ec03
000bcd00
00000000
00000000
01010103
01a101a1
3200fa0d
01010700
1a060003
00001a00
000c1b00
00000000
00000000
01010100
00530053
2800fa0e
00020500
7d050003
00037d03
0009af03
00000000
00000000
01010101
00560056
2900fc0d
00020500
18060003
00001800
0009fb03
00000000
00000000
01010102
00660066
3100f90d
01010700
8d060003
00008d00
000bcd03
00000000
00000000
01010103
00680068
3200fa0d
01010700
cc060003
0003cc03
000c1b03
00000000
00000000
01000000
00280028
2800fa0f
00020500
00010001
00000000
0009af00
00000000
00000000
04000001
00a500a5
2900fc0f
00020500
00040003
00000000
0009fb00
00000000
00000000
04000002
00c300c3
3100f90f
01010700
00040003
00000000
000bcd00
00000000
00000000
01000003
00320032
3200fa0f
01010700
00010001
00000000
000c1b00
00000000
00000000
04000000
00280028
2800fa0f
00020500
00030003
00000000
0009af03
00000000
00000000
04000001
00290029
2900fc0f
00020500
39040003
00033903
0009fb03
00000000
00000000
04000002
00310031
3100f90f
01010700
a8030003
0000a800
000bcd03
00000000
00000000
04000003
00320032
3200fa0f
01010700
00030003
00000000
000c1b03
00000000
00000000
00000000
00000000
00000000
00000000
00000000
00000000
00000000
00000000
00000000
00000000
00000000
00000000
00000000
00000000
00000000
00000000
00000000
00000000
00000000
00000000
00000000
00000000
00000000
00000000
00000000
00000000
00000000
00000000
00000000
00000000
00000000
00000000
00000000
00000000
00000000
00000000
00000000
00000000
00000000
00000000
00000000
00000000
00000000
00000000
00000000
00000000
00000000
00000000
00000000
00000000
00000000
00000000
00000000
00000000
00000000
00000000
00000000
00000000
00000000
00000000
00000000
00000000
00000000
00000000
00000000
00000000
00000000
00000000
00000000
00000000
00000000
00000000
00000000
00000000
00000000
00000000
00000000
00000000
00000000
00000000
00000000
00000000
00000000
00000000
00000000
00000000
00000000
00000000
00000000
00000000
00000000
00000000
00000000
00000000
00000000
00000000
00000000
00000000
00000000
00000000
00000000
00000000
00000000
00000000
00000000
00000000
00000000
00000000
00000000
00000000
00000000
00000000
1f1f1f00
20212021
01011010
20202020
00000000
00000000
04000400
04000400
00000000
00000000
00000000
00000000
00000000
00000000
00000000
00000000
00000000
00000040
008040fc
03fee000
000a14a0
0e0f0c00
03050000
00000000
06131015
06050000
d4000002
00020000
00000000
20202020
20202020
20202020
20202020
20041000
09090000
00000000
00000000
e4120000
c43c0010
03e80190
4b6400fa
7d4b01f4
101900fa
09090909
09090909
09090909
09090909
09090909
09090909
800b0007
80060004
80000000
800b0002
80000000
0f0f6c14
0f0f6c00
0f0f6c00
05052f00
0f0f6c00
12640400
07b000b0
00000460
000002b0
00000000
09500600
07000660
000000f0
000001f4
00000000
00000000
00000000
00000000
00000000
000000aa
00000000
00000000
00000000
00000000
00000000
00000000
00000000
00000000
00000000
00000000
00000000
00000000
00000000
00000000
00000000
00000000
00000000
00000000
00000000
00000000
00000000
00000000
00000000
00000000
00000000
00000000
00000000
00000000
00000000
00000000
00000000
00000000
00000000
00000000
00000000
00000000
00000000
00000000
00000000
00000000
00000000
00000000
00000000
00000000
00000000
00000000
00000000
00000000
00000000
00000000
00000000
00000000
00000000
00000000
00000000
00000000
00000000
00000000
00000000
00000000
00000000
00000000
00000000
00000000
00000000
00000000
00000000
00000000
00000000
00000000
