00640000
00010014
0a002801
01000a00
00000204
000107d0
0009af00
00000000
00ce0100
00020015
0a002901
01010900
03d80204
000107ac
0009fb00
00000000
007a0203
00010018
0c003101
01000800
00220206
000007ef
000bcd00
00000000
007d0303
00010019
0d003201
01000b00
00000206
000007d0
000c1b00
00000000
00810403
0101001a
0d003401
01000900
00180106
000007bf
000c7b00
00000000
01130504
0102001c
0e003701
01000c00
00000106
000007ac
000d5100
00000000
01190604
0102001c
0e003801
01000c00
03e30006
000007d9
000d9d00
00000000
004b0000
00030014
0a002801
01010e00
00000204
000107d0
0009af03
00000000
00670103
00040015
0a002901
01010e00
03d80204
000107ac
0009fb03
00000000
003d0203
00020018
0c003101
01010a00
00220206
000007ef
000bcd03
00000000
005e0303
00030019
0d003201
01010c00
00570206
000007d0
000c1b03
00000000
00610403
0103001a
0d003401
01010c00
006d0106
000007bf
000c7b03
00000000
00450504
0102001c
0e003701
01000c00
00770106
000007ac
000d5102
00000000
00460604
0102001c
0e003801
01000c00
036e0006
000007d9
000d9d02
00000000
01010100
00640064
2800fa0c
00020500
00040003
00000000
0009af00
00000000
00000000
01010101
00670067
2900fc0d
00020500
d8040002
0003d803
0009fb00
00000000
00000000
01010102
007a007a
3100f90e
01010700
22030003
00002200
000bcd00
00000000
00000000
01010103
007d007d
3200fa0e
01010700
00030003
00000000
000c1b00
00000000
00000000
01010100
00190019
2800fa0d
00020500
00030003
00000000
0009af03
00000000
00000000
01010101
001a001a
2900fc0d
00020500
16030003
00011601
0009fb03
00000000
00000000
02010102
003d003d
3100f90e
01010700
22040003
00002200
000bcd03
00000000
00000000
01010103
001f001f
3200fa0e
01010700
fa030003
0002fa02
000c1b03
00000000
00000000
01000000
00280028
2800fa0f
00020500
00010001
00000000
0009af00
00000000
00000000
04000001
00a500a5
2900fc0f
00020500
00040003
00000000
0009fb00
00000000
00000000
04000002
00c300c3
3100f90f
01010700
00040003
00000000
000bcd00
00000000
00000000
01000003
00320032
3200fa0f
01010700
00010001
00000000
000c1b00
00000000
00000000
04000000
00280028
2800fa0f
00020500
00030003
00000000
0009af03
00000000
00000000
04000001
00290029
2900fc0f
00020500
39040003
00033903
0009fb03
00000000
00000000
04000002
00310031
3100f90f
01010700
a8030003
0000a800
000bcd03
00000000
00000000
04000003
00320032
3200fa0f
01010700
00030003
00000000
000c1b03
00000000
00000000
00000000
00000000
00000000
00000000
00000000
00000000
00000000
00000000
00000000
00000000
00000000
00000000
00000000
00000000
00000000
00000000
00000000
00000000
00000000
00000000
00000000
00000000
00000000
00000000
00000000
00000000
00000000
00000000
00000000
00000000
00000000
00000000
00000000
00000000
00000000
00000000
00000000
00000000
00000000
00000000
00000000
00000000
00000000
00000000
00000000
00000000
00000000
00000000
00000000
00000000
00000000
00000000
00000000
00000000
00000000
00000000
00000000
00000000
00000000
00000000
00000000
00000000
00000000
00000000
00000000
00000000
00000000
00000000
00000000
00000000
00000000
00000000
00000000
00000000
00000000
00000000
00000000
00000000
00000000
00000000
00000000
00000000
00000000
00000000
00000000
00000000
00000000
00000000
00000000
00000000
00000000
00000000
00000000
00000000
00000000
00000000
00000000
00000000
00000000
00000000
00000000
00000000
00000000
00000000
00000000
00000000
00000000
00000000
00000000
00000000
00000000
00000000
1f1f1f00
20212021
01011010
20202020
00000000
00000000
04000400
04000400
00000000
00000000
00000000
00000000
00000000
00000000
00000000
00000000
00000000
00000040
008040fc
03fee000
000a14a0
0e0f0c00
03050000
00000000
06131015
06050000
d4000002
00020000
00000000
20202020
20202020
20202020
20202020
20041000
09090000
00000000
00000000
e4120000
c43c0010
03e80190
4b6400fa
7d4b01f4
101900fa
09090909
09090909
09090909
09090909
09090909
09090909
800b0007
80060004
80000000
800b0002
80000000
0f0f6c14
0f0f6c00
0f0f6c00
05052f00
0f0f6c00
12640400
07b000b0
00000460
000002b0
00000000
09500600
07000660
000000f0
000001f4
00000000
00000000
00000000
00000000
00000000
000000aa
00000000
00000000
00000000
00000000
00000000
00000000
00000000
00000000
00000000
00000000
00000000
00000000
00000000
00000000
00000000
00000000
00000000
00000000
00000000
00000000
00000000
00000000
00000000
00000000
00000000
00000000
00000000
00000000
00000000
00000000
00000000
00000000
00000000
00000000
00000000
00000000
00000000
00000000
00000000
00000000
00000000
00000000
00000000
00000000
00000000
00000000
00000000
00000000
00000000
00000000
00000000
00000000
00000000
00000000
00000000
00000000
00000000
00000000
00000000
00000000
00000000
00000000
00000000
00000000
00000000
00000000
00000000
00000000
00000000
00000000
