01390000
01010019
000d0032
34000209
0007d000
1b000000
0000000c
00fa0100
00010014
000a0028
0000020a
0007d000
af000000
00000009
004e0000
01010019
000d0032
cc00020a
0007d003
1b004000
0000000c
007d0100
00020014
000a0028
0000030d
0007d000
af005100
00000009
01000100
00c800c8
2000fa0e
00030400
00050003
00000000
07bf0000
01000101
00fa00fa
2800fa0d
00020500
00060003
00000000
09af0000
01000100
00320032
2000fa0e
00030400
00050003
00000000
07bf0065
01000101
003e003e
2800fa0c
00020500
fa060003
0002fa02
09af0051
01000000
00200020
2000fa04
00030400
00050003
00000000
07bf0000
01000001
00280028
2800fa0b
00020500
00020003
00000000
09af0000
04000000
00200020
2000fa0c
00030400
00050003
00000000
07bf0065
04000001
00280028
2800fa0f
00020500
00040003
00000000
09af0051
1f1f1f00
14151415
01011010
20202020
00000000
00000000
04000400
04000400
00000000
00000000
00000000
00000000
00000000
00000000
00000000
00000000
00000000
00000000
00000000
00000000
00000000
00000000
00000000
00000000
00000000
00000000
00000000
00000000
00000000
00000000
00000000
00000000
00000000
00000000
00000000
00000000
00000000
00000000
00000000
00000000
00000000
00000000
00000000
00000000
00000000
00000000
00000000
00000000
00000000
00000000
00000000
00000000
00000000
00000000
00000000
00000000
00000000
00000000
00000000
00000000
00000000
00000000
00000000
00000000
00000000
00000000
00000000
00000000
00000000
00000000
00000000
00000000
00000000
00000000
00000000
00000000
00000000
00000000
00000000
00000000
00000000
00000000
00000000
00000000
00000000
00000000
00000000
00000000
00000000
00000000
00000000
00000000
00000000
00000000
00000000
00000000
00000000
00000000
00000000
00000000
00000000
00000000
00000000
00000000
00000000
00000000
00000000
00000000
00000000
00000000
00000000
00000000
00000000
00000000
00000000
00000000
00000000
00000000
00000000
00000000
00000000
00000000
00000000
00000000
00000000
00000000
00000000
00000000
00000000
00000000
00000000
00000000
00000000
00000000
00000000
00000000
00000000
00000000
00000000
00000000
00000000
00000000
00000000
00000000
00000000
00000000
00000000
00000000
00000000
00000000
00000000
00000000
00000000
00000000
00000000
00000000
00000000
00000000
00000000
00000000
00000000
00000000
00000000
00000000
00000000
00000000
00000000
00000000
00000000
00000000
00000000
00000000
00000000
00000000
fff7c000
20000000
0e0f0c00
60000000
00000000
06131015
00000000
00000000
00000000
00000000
00000000
00000000
00000000
00000000
00000000
20080000
00000000
00000000
00000000
00000000
00000190
