01f40000
01010019
000d0032
0000020b
0007d000
1b000000
0000000c
01900100
00010014
000a0028
0001020c
0007d000
af000000
00000009
007d0000
01010019
000d0032
0000020d
0007d000
1b004000
0000000c
00640100
00010014
000a0028
0001020d
0007d000
af005100
00000009
01000100
01400140
2000fa0e
00030400
00060003
00000000
07bf0000
01000101
01900190
2800fa0f
00020500
00060003
00000000
09af0000
01000100
00500050
2000fa0e
00030400
00060003
00000000
07bf0065
01000101
00640064
2800fa0f
00020500
00060003
00000000
09af0051
01000000
00200020
2000fa04
00030400
00050003
00000000
07bf0000
01000001
00280028
2800fa0b
00020500
00020003
00000000
09af0000
04000000
00200020
2000fa0c
00030400
00050003
00000000
07bf0065
04000001
00280028
2800fa0f
00020500
00040003
00000000
09af0051
1f1f1f00
14151415
01011010
20202020
00000000
00000000
04000400
04000400
00000000
00000000
00000000
00000000
00000000
00000000
00000000
00000000
00000000
00000000
00000000
00000000
00000000
00000000
00000000
00000000
00000000
00000000
00000000
00000000
00000000
00000000
00000000
00000000
00000000
00000000
00000000
00000000
00000000
00000000
00000000
00000000
00000000
00000000
00000000
00000000
00000000
00000000
00000000
00000000
00000000
00000000
00000000
00000000
00000000
00000000
00000000
00000000
00000000
00000000
00000000
00000000
00000000
00000000
00000000
00000000
00000000
00000000
00000000
00000000
00000000
00000000
00000000
00000000
00000000
00000000
00000000
00000000
00000000
00000000
00000000
00000000
00000000
00000000
00000000
00000000
00000000
00000000
00000000
00000000
00000000
00000000
00000000
00000000
00000000
00000000
00000000
00000000
00000000
00000000
00000000
00000000
00000000
00000000
00000000
00000000
00000000
00000000
00000000
00000000
00000000
00000000
00000000
00000000
00000000
00000000
00000000
00000000
00000000
00000000
00000000
00000000
00000000
00000000
00000000
00000000
00000000
00000000
00000000
00000000
00000000
00000000
00000000
00000000
00000000
00000000
00000000
00000000
00000000
00000000
00000000
00000000
00000000
00000000
00000000
00000000
00000000
00000000
00000000
00000000
00000000
00000000
00000000
00000000
00000000
00000000
00000000
00000000
00000000
00000000
00000000
00000000
00000000
00000000
00000000
00000000
00000000
00000000
00000000
00000000
00000000
00000000
00000000
00000000
00000000
00000000
fff7c000
20000000
0e0f0c00
60000000
00000000
06131015
00000000
00000000
00000000
00000000
00000000
00000000
00000000
00000000
00000000
20080000
00000000
00000000
00000000
00000000
00000190
