00500000
01010019
000d0032
00010006
0007da00
1b000000
0000000c
00800100
00020014
000a0028
0001000c
0007da00
af000000
00000009
00140000
01010019
000d0032
00010007
0007da00
1b004000
0000000c
00200100
00020014
000a0028
0001000c
0007da00
af005100
00000009
02000100
00660066
2000fb0a
00030400
80050003
00038003
07bf0000
01000101
00400040
2800fb0d
00020500
00020003
00000000
09af0000
03000100
00260026
2000fb0b
00030400
ab060003
0002ab02
07bf0065
02000101
00200020
2800fb0f
00020500
00030003
00000000
09af0051
01000000
00200020
2000fa04
00030400
00050003
00000000
07bf0000
01000001
00280028
2800fa0b
00020500
00020003
00000000
09af0000
04000000
00200020
2000fa0c
00030400
00050003
00000000
07bf0065
04000001
00280028
2800fa0f
00020500
00040003
00000000
09af0051
1f1f1f00
14151415
01011010
20202020
00000000
00000000
04000400
04000400
00000000
00000000
00000000
00000000
00000000
00000000
00000000
00000000
00000000
00000000
00000000
00000000
00000000
00000000
00000000
00000000
00000000
00000000
00000000
00000000
00000000
00000000
00000000
00000000
00000000
00000000
00000000
00000000
00000000
00000000
00000000
00000000
00000000
00000000
00000000
00000000
00000000
00000000
00000000
00000000
00000000
00000000
00000000
00000000
00000000
00000000
00000000
00000000
00000000
00000000
00000000
00000000
00000000
00000000
00000000
00000000
00000000
00000000
00000000
00000000
00000000
00000000
00000000
00000000
00000000
00000000
00000000
00000000
00000000
00000000
00000000
00000000
00000000
00000000
00000000
00000000
00000000
00000000
00000000
00000000
00000000
00000000
00000000
00000000
00000000
00000000
00000000
00000000
00000000
00000000
00000000
00000000
00000000
00000000
00000000
00000000
00000000
00000000
00000000
00000000
00000000
00000000
00000000
00000000
00000000
00000000
00000000
00000000
00000000
00000000
00000000
00000000
00000000
00000000
00000000
00000000
00000000
00000000
00000000
00000000
00000000
00000000
00000000
00000000
00000000
00000000
00000000
00000000
00000000
00000000
00000000
00000000
00000000
00000000
00000000
00000000
00000000
00000000
00000000
00000000
00000000
00000000
00000000
00000000
00000000
00000000
00000000
00000000
00000000
00000000
00000000
00000000
00000000
00000000
00000000
00000000
00000000
00000000
00000000
00000000
00000000
00000000
00000000
00000000
00000000
00000000
fff7c000
20000000
0e0f0c00
60000000
00000000
06131015
00000000
00000000
00000000
00000000
00000000
00000000
00000000
00000000
00000000
20080000
00000000
00000000
00000000
00000000
00000190
