01a10000
01010019
000d0032
1a00020a
0007d000
1b000000
0000000c
014d0100
00010014
000a0028
df00020b
0007d003
af000000
00000009
00680000
01010019
000d0032
cc00020c
0007d003
1b004000
0000000c
00530100
00010014
000a0028
7d00020e
0007d003
af005100
00000009
01000100
010b010b
2000fa0d
00030400
29060003
00002900
07bf0000
01000101
014d014d
2800fa0d
00020500
df060003
0003df03
09af0000
01000100
00430043
2000fa0d
00030400
a4060003
0000a400
07bf0065
01000101
00530053
2800fa0e
00020500
7d060003
00037d03
09af0051
01000000
00200020
2000fa04
00030400
00050003
00000000
07bf0000
01000001
00280028
2800fa0b
00020500
00020003
00000000
09af0000
04000000
00200020
2000fa0c
00030400
00050003
00000000
07bf0065
04000001
00280028
2800fa0f
00020500
00040003
00000000
09af0051
1f1f1f00
14151415
01011010
20202020
00000000
00000000
04000400
04000400
00000000
00000000
00000000
00000000
00000000
00000000
00000000
00000000
00000000
00000000
00000000
00000000
00000000
00000000
00000000
00000000
00000000
00000000
00000000
00000000
00000000
00000000
00000000
00000000
00000000
00000000
00000000
00000000
00000000
00000000
00000000
00000000
00000000
00000000
00000000
00000000
00000000
00000000
00000000
00000000
00000000
00000000
00000000
00000000
00000000
00000000
00000000
00000000
00000000
00000000
00000000
00000000
00000000
00000000
00000000
00000000
00000000
00000000
00000000
00000000
00000000
00000000
00000000
00000000
00000000
00000000
00000000
00000000
00000000
00000000
00000000
00000000
00000000
00000000
00000000
00000000
00000000
00000000
00000000
00000000
00000000
00000000
00000000
00000000
00000000
00000000
00000000
00000000
00000000
00000000
00000000
00000000
00000000
00000000
00000000
00000000
00000000
00000000
00000000
00000000
00000000
00000000
00000000
00000000
00000000
00000000
00000000
00000000
00000000
00000000
00000000
00000000
00000000
00000000
00000000
00000000
00000000
00000000
00000000
00000000
00000000
00000000
00000000
00000000
00000000
00000000
00000000
00000000
00000000
00000000
00000000
00000000
00000000
00000000
00000000
00000000
00000000
00000000
00000000
00000000
00000000
00000000
00000000
00000000
00000000
00000000
00000000
00000000
00000000
00000000
00000000
00000000
00000000
00000000
00000000
00000000
00000000
00000000
00000000
00000000
00000000
00000000
00000000
00000000
00000000
00000000
fff7c000
20000000
0e0f0c00
60000000
00000000
06131015
00000000
00000000
00000000
00000000
00000000
00000000
00000000
00000000
00000000
20080000
00000000
00000000
00000000
00000000
00000190
