00900001
00020017
000b002d
0001000b
0007ae00
e5000000
0000000a
01330102
00040018
000c0030
eb01010a
0007da03
9f000000
0000000b
00240001
00020017
000b002d
0001000c
0007ae00
e5004800
0000000a
004d0102
00040018
000c0030
5501010d
0007da00
9f004300
0000000b
01000100
00480048
2d00fb0c
01010700
00030003
00000000
0ae50000
01000101
004d004d
3000fb0c
01010700
55030003
00005500
0b9f0000
01000100
00120012
2d00fb0d
01010700
00020003
00000000
0ae50048
03000101
003a003a
3000fb0d
01010700
e4050003
0000e400
0b9f0043
01000000
002d002d
2d00fa0f
01010700
00010002
00000000
0ae50000
01000001
002f0030
3000fa0f
01010700
00010001
00002f00
0b9f0000
04000000
002d002d
2d00fa0f
01010700
00030003
00000000
0ae50048
04000001
002f0030
3000fa0f
01010700
00030003
00002f00
0b9f0043
1f1f1f01
10111011
01011010
20202020
00000000
00000000
04000400
04000400
00000000
00000000
00000000
00000000
00000000
00000000
00000000
00000000
00000000
00000000
00000000
00000000
00000000
00000000
00000000
00000000
00000000
00000000
00000000
00000000
00000000
00000000
00000000
00000000
00000000
00000000
00000000
00000000
00000000
00000000
00000000
00000000
00000000
00000000
00000000
00000000
00000000
00000000
00000000
00000000
00000000
00000000
00000000
00000000
00000000
00000000
00000000
00000000
00000000
00000000
00000000
00000000
00000000
00000000
00000000
00000000
00000000
00000000
00000000
00000000
00000000
00000000
00000000
00000000
00000000
00000000
00000000
00000000
00000000
00000000
00000000
00000000
00000000
00000000
00000000
00000000
00000000
00000000
00000000
00000000
00000000
00000000
00000000
00000000
00000000
00000000
00000000
00000000
00000000
00000000
00000000
00000000
00000000
00000000
00000000
00000000
00000000
00000000
00000000
00000000
00000000
00000000
00000000
00000000
00000000
00000000
00000000
00000000
00000000
00000000
00000000
00000000
00000000
00000000
00000000
00000000
00000000
00000000
00000000
00000000
00000000
00000000
00000000
00000000
00000000
00000000
00000000
00000000
00000000
00000000
00000000
00000000
00000000
00000000
00000000
00000000
00000000
00000000
00000000
00000000
00000000
00000000
00000000
00000000
00000000
00000000
00000000
00000000
00000000
00000000
00000000
00000000
00000000
00000000
00000000
00000000
00000000
00000000
00000000
00000000
00000000
00000000
00000000
00000000
00000000
00000000
fff7c000
20000000
0e0f0c00
60000000
00000000
06131015
00000000
00000000
00000000
00000000
00000000
00000000
00000000
00000000
00000000
20080000
00000000
00000000
00000000
00000000
00000190
