00e10001
00010017
000b002d
0001010a
0007a500
e5000000
0000000a
00f00102
00010018
000c0030
0001010a
0007d000
9f000000
0000000b
00380001
00010017
000b002d
6e01010c
0007a503
e5004800
0000000a
003c0102
00010018
000c0030
0001010c
0007d000
9f004300
0000000b
01000100
00e100e1
2d00fa0c
01010700
00050003
00000000
0ae50000
01000101
00f000f0
3000fa0d
01010700
00050003
00000000
0b9f0000
01000100
00380038
2d00fa0d
01010700
6e050003
00036e03
0ae50048
01000101
003c003c
3000fa0d
01010700
00050003
00000000
0b9f0043
01000000
002d002d
2d00fa0f
01010700
00010002
00000000
0ae50000
01000001
002f0030
3000fa0f
01010700
00010001
00002f00
0b9f0000
04000000
002d002d
2d00fa0f
01010700
00030003
00000000
0ae50048
04000001
002f0030
3000fa0f
01010700
00030003
00002f00
0b9f0043
1f1f1f01
10111011
01011010
20202020
00000000
00000000
04000400
04000400
00000000
00000000
00000000
00000000
00000000
00000000
00000000
00000000
00000000
00000000
00000000
00000000
00000000
00000000
00000000
00000000
00000000
00000000
00000000
00000000
00000000
00000000
00000000
00000000
00000000
00000000
00000000
00000000
00000000
00000000
00000000
00000000
00000000
00000000
00000000
00000000
00000000
00000000
00000000
00000000
00000000
00000000
00000000
00000000
00000000
00000000
00000000
00000000
00000000
00000000
00000000
00000000
00000000
00000000
00000000
00000000
00000000
00000000
00000000
00000000
00000000
00000000
00000000
00000000
00000000
00000000
00000000
00000000
00000000
00000000
00000000
00000000
00000000
00000000
00000000
00000000
00000000
00000000
00000000
00000000
00000000
00000000
00000000
00000000
00000000
00000000
00000000
00000000
00000000
00000000
00000000
00000000
00000000
00000000
00000000
00000000
00000000
00000000
00000000
00000000
00000000
00000000
00000000
00000000
00000000
00000000
00000000
00000000
00000000
00000000
00000000
00000000
00000000
00000000
00000000
00000000
00000000
00000000
00000000
00000000
00000000
00000000
00000000
00000000
00000000
00000000
00000000
00000000
00000000
00000000
00000000
00000000
00000000
00000000
00000000
00000000
00000000
00000000
00000000
00000000
00000000
00000000
00000000
00000000
00000000
00000000
00000000
00000000
00000000
00000000
00000000
00000000
00000000
00000000
00000000
00000000
00000000
00000000
00000000
00000000
00000000
00000000
00000000
00000000
00000000
00000000
fff7c000
20000000
0e0f0c00
60000000
00000000
06131015
00000000
00000000
00000000
00000000
00000000
00000000
00000000
00000000
00000000
20080000
00000000
00000000
00000000
00000000
00000190
