005a0001
00010017
000b002d
00010008
0007a500
e5000000
0000000a
00600102
00010018
000c0030
00010008
0007d000
9f000000
0000000b
002d0001
00020017
000b002d
0001000d
0007a500
e5004800
0000000a
00180102
00010018
000c0030
00010009
0007d000
9f004300
0000000b
01000100
005a005a
2d00fa0c
01010700
00030003
00000000
0ae50000
01000101
00600060
3000fa0c
01010700
00040002
00000000
0b9f0000
02000100
002d002d
2d00fa0d
01010700
00040003
00000000
0ae50048
01000101
00180018
3000fa0d
01010700
00030003
00000000
0b9f0043
01000000
002d002d
2d00fa0f
01010700
00010002
00000000
0ae50000
01000001
002f0030
3000fa0f
01010700
00010001
00002f00
0b9f0000
04000000
002d002d
2d00fa0f
01010700
00030003
00000000
0ae50048
04000001
002f0030
3000fa0f
01010700
00030003
00002f00
0b9f0043
1f1f1f01
10111011
01011010
20202020
00000000
00000000
04000400
04000400
00000000
00000000
00000000
00000000
00000000
00000000
00000000
00000000
00000000
00000000
00000000
00000000
00000000
00000000
00000000
00000000
00000000
00000000
00000000
00000000
00000000
00000000
00000000
00000000
00000000
00000000
00000000
00000000
00000000
00000000
00000000
00000000
00000000
00000000
00000000
00000000
00000000
00000000
00000000
00000000
00000000
00000000
00000000
00000000
00000000
00000000
00000000
00000000
00000000
00000000
00000000
00000000
00000000
00000000
00000000
00000000
00000000
00000000
00000000
00000000
00000000
00000000
00000000
00000000
00000000
00000000
00000000
00000000
00000000
00000000
00000000
00000000
00000000
00000000
00000000
00000000
00000000
00000000
00000000
00000000
00000000
00000000
00000000
00000000
00000000
00000000
00000000
00000000
00000000
00000000
00000000
00000000
00000000
00000000
00000000
00000000
00000000
00000000
00000000
00000000
00000000
00000000
00000000
00000000
00000000
00000000
00000000
00000000
00000000
00000000
00000000
00000000
00000000
00000000
00000000
00000000
00000000
00000000
00000000
00000000
00000000
00000000
00000000
00000000
00000000
00000000
00000000
00000000
00000000
00000000
00000000
00000000
00000000
00000000
00000000
00000000
00000000
00000000
00000000
00000000
00000000
00000000
00000000
00000000
00000000
00000000
00000000
00000000
00000000
00000000
00000000
00000000
00000000
00000000
00000000
00000000
00000000
00000000
00000000
00000000
00000000
00000000
00000000
00000000
00000000
00000000
fff7c000
20000000
0e0f0c00
60000000
00000000
06131015
00000000
00000000
00000000
00000000
00000000
00000000
00000000
00000000
00000000
20080000
00000000
00000000
00000000
00000000
00000190
