00fa0203
01010019
000d0032
00000109
0007d000
1b000000
0000000c
00000000
00000000
00000000
00000000
00000000
00000000
00000000
007d0203
01020019
000d0032
0000020d
0007d000
1b004000
0000000c
00000000
00000000
00000000
00000000
00000000
00000000
00000000
01000102
00fa00fa
3200fa0d
01010700
00050002
00000000
0c1b0000
00000000
00000000
00000000
00000000
00000000
00000000
00000000
01000102
003e003e
3200fa0e
01010700
fa040003
0002fa02
0c1b0040
00000000
00000000
00000000
00000000
00000000
00000000
00000000
01000002
00320032
3200fa0f
01010700
00010001
00000000
0c1b0000
00000000
00000000
00000000
00000000
00000000
00000000
00000000
04000002
00320032
3200fa0f
01010700
00030003
00000000
0c1b0040
00000000
00000000
00000000
00000000
00000000
00000000
00000000
1f1f1f01
20212021
01011010
20202020
00000000
00000000
04000400
04000400
00000000
00000000
00000000
00000000
00000000
00000000
00000000
00000000
00000000
00000000
00000000
00000000
00000000
00000000
00000000
00000000
00000000
00000000
00000000
00000000
00000000
00000000
00000000
00000000
00000000
00000000
00000000
00000000
00000000
00000000
00000000
00000000
00000000
00000000
00000000
00000000
00000000
00000000
00000000
00000000
00000000
00000000
00000000
00000000
00000000
00000000
00000000
00000000
00000000
00000000
00000000
00000000
00000000
00000000
00000000
00000000
00000000
00000000
00000000
00000000
00000000
00000000
00000000
00000000
00000000
00000000
00000000
00000000
00000000
00000000
00000000
00000000
00000000
00000000
00000000
00000000
00000000
00000000
00000000
00000000
00000000
00000000
00000000
00000000
00000000
00000000
00000000
00000000
00000000
00000000
00000000
00000000
00000000
00000000
00000000
00000000
00000000
00000000
00000000
00000000
00000000
00000000
00000000
00000000
00000000
00000000
00000000
00000000
00000000
00000000
00000000
00000000
00000000
00000000
00000000
00000000
00000000
00000000
00000000
00000000
00000000
00000000
00000000
00000000
00000000
00000000
00000000
00000000
00000000
00000000
00000000
00000000
00000000
00000000
00000000
00000000
00000000
00000000
00000000
00000000
00000000
00000000
00000000
00000000
00000000
00000000
00000000
00000000
00000000
00000000
00000000
00000000
00000000
00000000
00000000
00000000
00000000
00000000
00000000
00000000
00000000
00000000
00000000
00000000
00000000
00000000
fff7c000
20000000
0e0f0c00
60000000
00000000
06131015
00000000
00000000
00000000
00000000
00000000
00000000
00000000
00000000
00000000
20080000
00000000
00000000
00000000
00000000
00000190
