01a10203
01010019
000d0032
1a00020a
0007d000
1b000000
0000000c
00000000
00000000
00000000
00000000
00000000
00000000
00000000
00680203
01010019
000d0032
cc00020c
0007d003
1b004000
0000000c
00000000
00000000
00000000
00000000
00000000
00000000
00000000
01000102
01a101a1
3200fa0d
01010700
1a060003
00001a00
0c1b0000
00000000
00000000
00000000
00000000
00000000
00000000
00000000
01000102
00680068
3200fa0d
01010700
cc060003
0003cc03
0c1b0040
00000000
00000000
00000000
00000000
00000000
00000000
00000000
01000002
00320032
3200fa0f
01010700
00010001
00000000
0c1b0000
00000000
00000000
00000000
00000000
00000000
00000000
00000000
04000002
00320032
3200fa0f
01010700
00030003
00000000
0c1b0040
00000000
00000000
00000000
00000000
00000000
00000000
00000000
1f1f1f01
20212021
01011010
20202020
00000000
00000000
04000400
04000400
00000000
00000000
00000000
00000000
00000000
00000000
00000000
00000000
00000000
00000000
00000000
00000000
00000000
00000000
00000000
00000000
00000000
00000000
00000000
00000000
00000000
00000000
00000000
00000000
00000000
00000000
00000000
00000000
00000000
00000000
00000000
00000000
00000000
00000000
00000000
00000000
00000000
00000000
00000000
00000000
00000000
00000000
00000000
00000000
00000000
00000000
00000000
00000000
00000000
00000000
00000000
00000000
00000000
00000000
00000000
00000000
00000000
00000000
00000000
00000000
00000000
00000000
00000000
00000000
00000000
00000000
00000000
00000000
00000000
00000000
00000000
00000000
00000000
00000000
00000000
00000000
00000000
00000000
00000000
00000000
00000000
00000000
00000000
00000000
00000000
00000000
00000000
00000000
00000000
00000000
00000000
00000000
00000000
00000000
00000000
00000000
00000000
00000000
00000000
00000000
00000000
00000000
00000000
00000000
00000000
00000000
00000000
00000000
00000000
00000000
00000000
00000000
00000000
00000000
00000000
00000000
00000000
00000000
00000000
00000000
00000000
00000000
00000000
00000000
00000000
00000000
00000000
00000000
00000000
00000000
00000000
00000000
00000000
00000000
00000000
00000000
00000000
00000000
00000000
00000000
00000000
00000000
00000000
00000000
00000000
00000000
00000000
00000000
00000000
00000000
00000000
00000000
00000000
00000000
00000000
00000000
00000000
00000000
00000000
00000000
00000000
00000000
00000000
00000000
00000000
00000000
fff7c000
20000000
0e0f0c00
60000000
00000000
06131015
00000000
00000000
00000000
00000000
00000000
00000000
00000000
00000000
00000000
20080000
00000000
00000000
00000000
00000000
00000190
