00840100
00020015
000a0029
0001000b
0007b600
fb000000
00000009
00000000
00000000
00000000
00000000
00000000
00000000
00000000
00210100
00020015
000a0029
0001000c
0007b600
fb004e00
00000009
00000000
00000000
00000000
00000000
00000000
00000000
00000000
01000101
00420042
2900fd0c
00020500
00030003
00000000
09fb0000
00000000
00000000
00000000
00000000
00000000
00000000
00000000
02000101
00210021
2900fd0e
00020500
00030003
00000000
09fb004e
00000000
00000000
00000000
00000000
00000000
00000000
00000000
04020001
00a500a5
2900fc0f
00020500
00040003
00000000
09fb0000
00000000
00000000
00000000
00000000
00000000
00000000
00000000
04020001
00290029
2900fc0f
00020500
39040003
00033903
09fb004e
00000000
00000000
00000000
00000000
00000000
00000000
00000000
1f1f1f01
20212021
01011010
20202020
00000000
00000000
04000400
04000400
00000000
00000000
00000000
00000000
00000000
00000000
00000000
00000000
00000000
00000000
00000000
00000000
00000000
00000000
00000000
00000000
00000000
00000000
00000000
00000000
00000000
00000000
00000000
00000000
00000000
00000000
00000000
00000000
00000000
00000000
00000000
00000000
00000000
00000000
00000000
00000000
00000000
00000000
00000000
00000000
00000000
00000000
00000000
00000000
00000000
00000000
00000000
00000000
00000000
00000000
00000000
00000000
00000000
00000000
00000000
00000000
00000000
00000000
00000000
00000000
00000000
00000000
00000000
00000000
00000000
00000000
00000000
00000000
00000000
00000000
00000000
00000000
00000000
00000000
00000000
00000000
00000000
00000000
00000000
00000000
00000000
00000000
00000000
00000000
00000000
00000000
00000000
00000000
00000000
00000000
00000000
00000000
00000000
00000000
00000000
00000000
00000000
00000000
00000000
00000000
00000000
00000000
00000000
00000000
00000000
00000000
00000000
00000000
00000000
00000000
00000000
00000000
00000000
00000000
00000000
00000000
00000000
00000000
00000000
00000000
00000000
00000000
00000000
00000000
00000000
00000000
00000000
00000000
00000000
00000000
00000000
00000000
00000000
00000000
00000000
00000000
00000000
00000000
00000000
00000000
00000000
00000000
00000000
00000000
00000000
00000000
00000000
00000000
00000000
00000000
00000000
00000000
00000000
00000000
00000000
00000000
00000000
00000000
00000000
00000000
00000000
00000000
00000000
00000000
00000000
00000000
fff7c000
20000000
0e0f0c00
60000000
00000000
06131015
00000000
00000000
00000000
00000000
00000000
00000000
00000000
00000000
00000000
20080000
00000000
00000000
00000000
00000000
00000190
