00800000
00020014
000a0028
0001000c
0007da00
af000000
00000009
00000000
00000000
00000000
00000000
00000000
00000000
00000000
00200000
00020014
000a0028
0001000c
0007da00
af005100
00000009
00000000
00000000
00000000
00000000
00000000
00000000
00000000
01000100
00400040
2800fb0c
00020500
00030003
00000000
09af0000
00000000
00000000
00000000
00000000
00000000
00000000
00000000
01000100
00100010
2800fb0d
00020500
00020003
00000000
09af0051
00000000
00000000
00000000
00000000
00000000
00000000
00000000
01000000
00280028
2800fa0f
00020500
00010001
00000000
09af0000
00000000
00000000
00000000
00000000
00000000
00000000
00000000
04000000
00280028
2800fa0f
00020500
00030003
00000000
09af0051
00000000
00000000
00000000
00000000
00000000
00000000
00000000
1f1f1f01
18191819
01011010
20202020
00000000
00000000
04000400
04000400
00000000
00000000
00000000
00000000
00000000
00000000
00000000
00000000
00000000
00000000
00000000
00000000
00000000
00000000
00000000
00000000
00000000
00000000
00000000
00000000
00000000
00000000
00000000
00000000
00000000
00000000
00000000
00000000
00000000
00000000
00000000
00000000
00000000
00000000
00000000
00000000
00000000
00000000
00000000
00000000
00000000
00000000
00000000
00000000
00000000
00000000
00000000
00000000
00000000
00000000
00000000
00000000
00000000
00000000
00000000
00000000
00000000
00000000
00000000
00000000
00000000
00000000
00000000
00000000
00000000
00000000
00000000
00000000
00000000
00000000
00000000
00000000
00000000
00000000
00000000
00000000
00000000
00000000
00000000
00000000
00000000
00000000
00000000
00000000
00000000
00000000
00000000
00000000
00000000
00000000
00000000
00000000
00000000
00000000
00000000
00000000
00000000
00000000
00000000
00000000
00000000
00000000
00000000
00000000
00000000
00000000
00000000
00000000
00000000
00000000
00000000
00000000
00000000
00000000
00000000
00000000
00000000
00000000
00000000
00000000
00000000
00000000
00000000
00000000
00000000
00000000
00000000
00000000
00000000
00000000
00000000
00000000
00000000
00000000
00000000
00000000
00000000
00000000
00000000
00000000
00000000
00000000
00000000
00000000
00000000
00000000
00000000
00000000
00000000
00000000
00000000
00000000
00000000
00000000
00000000
00000000
00000000
00000000
00000000
00000000
00000000
00000000
00000000
00000000
00000000
00000000
fff7c000
20000000
0e0f0c00
60000000
00000000
06131015
00000000
00000000
00000000
00000000
00000000
00000000
00000000
00000000
00000000
20080000
00000000
00000000
00000000
00000000
00000190
