00c80000
00010014
000a0028
0000010b
0007d000
af000000
00000009
00000000
00000000
00000000
00000000
00000000
00000000
00000000
00320000
00010014
000a0028
0000010d
0007d000
af005100
00000009
00000000
00000000
00000000
00000000
00000000
00000000
00000000
01000100
00c800c8
2800fa0c
00020500
00050003
00000000
09af0000
00000000
00000000
00000000
00000000
00000000
00000000
00000000
01000100
00320032
2800fa0d
00020500
00040003
00000000
09af0051
00000000
00000000
00000000
00000000
00000000
00000000
00000000
01000000
00280028
2800fa0f
00020500
00010001
00000000
09af0000
00000000
00000000
00000000
00000000
00000000
00000000
00000000
04000000
00280028
2800fa0f
00020500
00030003
00000000
09af0051
00000000
00000000
00000000
00000000
00000000
00000000
00000000
1f1f1f01
18191819
01011010
20202020
00000000
00000000
04000400
04000400
00000000
00000000
00000000
00000000
00000000
00000000
00000000
00000000
00000000
00000000
00000000
00000000
00000000
00000000
00000000
00000000
00000000
00000000
00000000
00000000
00000000
00000000
00000000
00000000
00000000
00000000
00000000
00000000
00000000
00000000
00000000
00000000
00000000
00000000
00000000
00000000
00000000
00000000
00000000
00000000
00000000
00000000
00000000
00000000
00000000
00000000
00000000
00000000
00000000
00000000
00000000
00000000
00000000
00000000
00000000
00000000
00000000
00000000
00000000
00000000
00000000
00000000
00000000
00000000
00000000
00000000
00000000
00000000
00000000
00000000
00000000
00000000
00000000
00000000
00000000
00000000
00000000
00000000
00000000
00000000
00000000
00000000
00000000
00000000
00000000
00000000
00000000
00000000
00000000
00000000
00000000
00000000
00000000
00000000
00000000
00000000
00000000
00000000
00000000
00000000
00000000
00000000
00000000
00000000
00000000
00000000
00000000
00000000
00000000
00000000
00000000
00000000
00000000
00000000
00000000
00000000
00000000
00000000
00000000
00000000
00000000
00000000
00000000
00000000
00000000
00000000
00000000
00000000
00000000
00000000
00000000
00000000
00000000
00000000
00000000
00000000
00000000
00000000
00000000
00000000
00000000
00000000
00000000
00000000
00000000
00000000
00000000
00000000
00000000
00000000
00000000
00000000
00000000
00000000
00000000
00000000
00000000
00000000
00000000
00000000
00000000
00000000
00000000
00000000
00000000
00000000
fff7c000
20000000
0e0f0c00
60000000
00000000
06131015
00000000
00000000
00000000
00000000
00000000
00000000
00000000
00000000
00000000
20080000
00000000
00000000
00000000
00000000
00000190
