014d0000
00010014
000a0028
df01010e
0007d003
af000000
00000009
00000000
01580100
00010015
000a0029
1801010f
0007ac00
fb000000
00000009
00000000
01960203
00010018
000c0031
ec01010e
0007ef03
cd000000
0000000b
00000000
01a10303
01010019
000d0032
1a01010d
0007d000
1b000000
0000000c
00000000
01ae0403
0101001a
000d0034
1801010c
0007bf00
7b000000
0000000c
00000000
01ca0504
0101001c
000e0037
e801010c
0007ac03
51000000
0000000d
00000000
01d50604
0101001c
000e0038
1101010c
0007d900
9d000000
0000000d
00000000
00530000
00010014
000a0028
7d01010f
0007d003
af005100
00000009
00000000
00ac0103
00020015
000a0029
1801020c
0007ac00
fb004e00
00000009
00000000
00cb0203
00020018
000c0031
ec01010f
0007ef03
cd004200
0000000b
00000000
00680303
01010019
000d0032
cc01010d
0007d003
1b004000
0000000c
00000000
006b0403
0101001a
000d0034
7f01010d
0007bf03
7b003e00
0000000c
00000000
00e50504
0102001c
000e0037
e801010f
0007ac03
51003b00
0000000d
00000000
00750604
0101001c
000e0038
cc01010c
0007d903
9d003900
0000000d
00000000
014d0100
fa0c014d
05002800
00030002
df03df06
00000003
000009af
00000000
00000000
01580101
fc0c0158
05002900
00030002
18001806
00000000
000009fb
00000000
00000000
01960102
f90d0196
07003100
00030101
ec03ec06
00000003
00000bcd
00000000
00000000
01a10103
fa0d01a1
07003200
00030101
1a001a06
00000000
00000c1b
00000000
00000000
00530100
fa0e0053
05002800
00030002
7d037d05
00510003
000009af
00000000
00000000
00560101
fc0d0056
05002900
00030002
18001806
004e0000
000009fb
00000000
00000000
00660102
f90d0066
07003100
00030101
8d008d06
00420000
00000bcd
00000000
00000000
00680103
fa0d0068
07003200
00030101
cc03cc06
00400003
00000c1b
00000000
00000000
00280100
fa0f0028
05002800
00010002
00000001
00000000
000009af
00000000
00000000
00a50401
fc0f00a5
05002900
00030002
00000004
00000000
000009fb
00000000
00000000
00c30402
f90f00c3
07003100
00030101
00000004
00000000
00000bcd
00000000
00000000
00320103
fa0f0032
07003200
00010101
00000001
00000000
00000c1b
00000000
00000000
00280400
fa0f0028
05002800
00030002
00000003
00510000
000009af
00000000
00000000
00290401
fc0f0029
05002900
00030002
39033904
004e0003
000009fb
00000000
00000000
00310402
f90f0031
07003100
00030101
a800a803
00420000
00000bcd
00000000
00000000
00320403
fa0f0032
07003200
00030101
00000003
00400000
00000c1b
00000000
00000000
00000000
00000000
00000000
00000000
00000000
00000000
00000000
00000000
00000000
00000000
00000000
00000000
00000000
00000000
00000000
00000000
00000000
00000000
00000000
00000000
00000000
00000000
00000000
00000000
00000000
00000000
00000000
00000000
00000000
00000000
00000000
00000000
00000000
00000000
00000000
00000000
00000000
00000000
00000000
00000000
00000000
00000000
00000000
00000000
00000000
00000000
00000000
00000000
00000000
00000000
00000000
00000000
00000000
00000000
00000000
00000000
00000000
00000000
00000000
00000000
00000000
00000000
00000000
00000000
00000000
00000000
00000000
00000000
00000000
00000000
00000000
00000000
00000000
00000000
00000000
00000000
00000000
00000000
00000000
00000000
00000000
00000000
00000000
00000000
00000000
00000000
00000000
00000000
00000000
00000000
00000000
00000000
00000000
00000000
00000000
00000000
00000000
00000000
00000000
00000000
00000000
00000000
00000000
00000000
00000000
00000000
00000000
00000000
00000000
00000000
00000000
00000000
1f1f1f01
20212021
01011010
20202020
00000000
00000000
04000400
04000400
00000000
00000000
00000000
00000000
00000000
00000000
00000000
00000000
00000000
00000040
008040fc
03fee000
000a14a0
0e0f0c00
03050000
00000000
06131015
06050000
00000000
00000000
00000000
20202020
20202020
20202020
20202020
20041600
00000000
00000000
00000000
00000000
00000010
00000190
4b6400fa
7d4b01f4
101900fa
000000aa
00000000
00000000
00000000
00000000
00000000
00000000
00000000
00000000
00000000
00000000
00000000
00000000
00000000
00000000
00000000
00000000
00000000
00000000
00000000
00000000
00000000
00000000
00000000
00000000
00000000
00000000
00000000
00000000
00000000
00000000
00000000
00000000
00000000
00000000
00000000
00000000
00000000
00000000
00000000
00000000
00000000
00000000
00000000
00000000
00000000
00000000
00000000
00000000
00000000
00000000
00000000
00000000
00000000
00000000
00000000
00000000
00000000
00000000
00000000
00000000
00000000
00000000
00000000
00000000
00000000
00000000
00000000
00000000
00000000
00000000
00000000
00000000
00000000
00000000
00000000
00000000
00000000
00000000
00000000
00000000
00000000
00000000
00000000
00000000
00000000
00000000
00000000
00000000
00000000
00000000
00000000
00000000
00000000
00000000
00000000
00000000
00000000
00000000
00000000
00000000
