00a00000
00010014
000a0028
0001000e
0007e000
af000000
00000009
00000000
00a50100
00010015
000a0029
0001010b
0007bc00
fb000000
00000009
00000000
00c30203
00010018
000c0031
0001000d
00080000
cd000000
0000000b
00000000
00c80303
01010019
000d0032
0001000b
0007e000
1b000000
0000000c
00000000
00ce0403
0101001a
000d0034
d801000b
0007cf03
7b000000
0000000c
00000000
00dc0504
0101001c
000e0037
0001000b
0007bc00
51000000
0000000d
00000000
00e10604
0101001c
000e0038
0001000a
0007e900
9d000000
0000000d
00000000
00780000
00030014
000a0028
0001010f
0007e000
af005100
00000009
00000000
00a50103
00040015
000a0029
0001020c
0007bc00
fb004e00
00000009
00000000
00310203
00010018
000c0031
a801000d
00080000
cd004200
0000000b
00000000
00320303
01010019
000d0032
0001000b
0007e000
1b004000
0000000c
00000000
009b0403
0103001a
000d0034
4201010f
0007cf00
7b003e00
0000000c
00000000
00370504
0101001c
000e0037
0001000b
0007bc00
51003b00
0000000d
00000000
00380604
0101001c
000e0038
6e01000a
0007e903
9d003900
0000000d
00000000
00a00100
fc0d00a0
05002800
00030002
00000005
00000000
000009af
00000000
00000000
00a50101
fe0c00a5
05002900
00030002
00000005
00000000
000009fb
00000000
00000000
00c30102
fb0d00c3
07003100
00020101
00000005
00000000
00000bcd
00000000
00000000
00c80103
fc0d00c8
07003200
00020101
00000005
00000000
00000c1b
00000000
00000000
00280100
fc0d0028
05002800
00030002
00000004
00510000
000009af
00000000
00000000
00290101
fe0d0029
05002900
00030002
39033904
004e0003
000009fb
00000000
00000000
00310102
fb0e0031
07003100
00030101
a800a803
00420000
00000bcd
00000000
00000000
00320103
fc0e0032
07003200
00030101
00000003
00400000
00000c1b
00000000
00000000
00280100
fa0f0028
05002800
00010002
00000001
00000000
000009af
00000000
00000000
00a50401
fc0f00a5
05002900
00030002
00000004
00000000
000009fb
00000000
00000000
00c30402
f90f00c3
07003100
00030101
00000004
00000000
00000bcd
00000000
00000000
00320103
fa0f0032
07003200
00010101
00000001
00000000
00000c1b
00000000
00000000
00280400
fa0f0028
05002800
00030002
00000003
00510000
000009af
00000000
00000000
00290401
fc0f0029
05002900
00030002
39033904
004e0003
000009fb
00000000
00000000
00310402
f90f0031
07003100
00030101
a800a803
00420000
00000bcd
00000000
00000000
00320403
fa0f0032
07003200
00030101
00000003
00400000
00000c1b
00000000
00000000
00000000
00000000
00000000
00000000
00000000
00000000
00000000
00000000
00000000
00000000
00000000
00000000
00000000
00000000
00000000
00000000
00000000
00000000
00000000
00000000
00000000
00000000
00000000
00000000
00000000
00000000
00000000
00000000
00000000
00000000
00000000
00000000
00000000
00000000
00000000
00000000
00000000
00000000
00000000
00000000
00000000
00000000
00000000
00000000
00000000
00000000
00000000
00000000
00000000
00000000
00000000
00000000
00000000
00000000
00000000
00000000
00000000
00000000
00000000
00000000
00000000
00000000
00000000
00000000
00000000
00000000
00000000
00000000
00000000
00000000
00000000
00000000
00000000
00000000
00000000
00000000
00000000
00000000
00000000
00000000
00000000
00000000
00000000
00000000
00000000
00000000
00000000
00000000
00000000
00000000
00000000
00000000
00000000
00000000
00000000
00000000
00000000
00000000
00000000
00000000
00000000
00000000
00000000
00000000
00000000
00000000
00000000
00000000
00000000
00000000
00000000
00000000
1f1f1f01
20212021
01011010
20202020
00000000
00000000
04000400
04000400
00000000
00000000
00000000
00000000
00000000
00000000
00000000
00000000
00000000
00000040
008040fc
03fee000
000a14a0
0e0f0c00
03050000
00000000
06131015
06050000
00000000
00000000
00000000
20202020
20202020
20202020
20202020
20041600
00000000
00000000
00000000
00000000
00000010
00000190
4b6400fa
7d4b01f4
101900fa
000000aa
00000000
00000000
00000000
00000000
00000000
00000000
00000000
00000000
00000000
00000000
00000000
00000000
00000000
00000000
00000000
00000000
00000000
00000000
00000000
00000000
00000000
00000000
00000000
00000000
00000000
00000000
00000000
00000000
00000000
00000000
00000000
00000000
00000000
00000000
00000000
00000000
00000000
00000000
00000000
00000000
00000000
00000000
00000000
00000000
00000000
00000000
00000000
00000000
00000000
00000000
00000000
00000000
00000000
00000000
00000000
00000000
00000000
00000000
00000000
00000000
00000000
00000000
00000000
00000000
00000000
00000000
00000000
00000000
00000000
00000000
00000000
00000000
00000000
00000000
00000000
00000000
00000000
00000000
00000000
00000000
00000000
00000000
00000000
00000000
00000000
00000000
00000000
00000000
00000000
00000000
00000000
00000000
00000000
00000000
00000000
00000000
00000000
00000000
00000000
00000000
