00000003
50000100
00011400
0a002800
00010009
00d00700
00140001
00000114
0a0a0028
00000100
0300d007
00000303
00af0951
01020300
09020600
01010001
03050406
0a150204
00010000
00000000
01010000
01010101
01010101
00030301
50000100
00011400
0a002800
00010009
00d00700
00140001
00000114
0a0a0028
00000100
0200d007
00000303
00af0951
01020300
09010500
01010001
03050406
0a150204
00010000
00010000
01010001
01010101
01010101
00040200
40000000
01011000
08002000
0001000b
00d00700
00100000
00010110
0b080020
00000100
0101d007
00000202
00bf0765
00000001
09000401
01000001
03050406
d5100204
01010000
01010101
00000101
00010100
00000000
00050100
40000000
01011000
08002000
0001000b
00d00700
00100000
00010110
0b080020
00000100
0001d007
00000404
00bf0765
00000001
09040001
00000001
03050406
d5100204
01010000
01010101
00000101
00010100
00000000
00090000
00000000
00000000
00000000
00000000
00000000
00000000
00000000
00000000
00000000
00000000
00000000
00000000
00000000
00000000
00000000
00000000
00000000
00000000
00000000
00000000
00000000
00000000
00000000
00010001
0b280028
2800fa00
00020501
00020003
01000000
28000400
000f2800
012800fa
03000205
00000400
00000000
00010001
0b280028
2800fa00
00020501
00020003
01000000
28000400
000f2800
012800fa
03000205
00000400
00000000
00010000
04200020
2000fa00
00030400
00050003
00000000
20000400
000c2000
002000fa
03000304
00000500
00000000
00010000
04200020
2000fa00
00030400
00050003
00000000
20000400
000c2000
002000fa
03000304
00000500
00000000
