00000003
80000100
00021400
0a002800
0001000c
00da0700
00200001
00000214
0c0a0028
00000100
0300da07
00000303
00af0951
01020300
09020600
01010001
03050406
0a150204
00010000
00000000
01010000
01010101
01010101
00030301
80000100
00021400
0a002800
0001000c
00da0700
00200001
00000214
0c0a0028
00000100
0200da07
00000303
00af0951
01020300
09010500
01010001
03050406
0a150204
00010000
00010000
01010001
01010101
01010101
00040200
cd000000
01041000
08002000
0001010f
00da0720
00330000
00010410
0f080020
80030101
0101da07
00000202
00bf0765
00000001
09000401
01000001
03050406
d5100204
01010000
01010101
00000101
00010100
00000000
00050100
cd000000
01041000
08002000
0001010f
00da0720
00330000
00010410
0f080020
80030101
0001da07
00000404
00bf0765
00000001
09040001
00000001
03050406
d5100204
01010000
01010101
00000101
00010100
00000000
00090000
00000000
00000000
00000000
00000000
00000000
00000000
00000000
00000000
00000000
00000000
00000000
00000000
00000000
00000000
00000000
00000000
00000000
00000000
00000000
00000000
00000000
00000000
00000000
00010001
0b280028
2800fa00
00020501
00020003
01000000
28000400
000f2800
012800fa
03000205
00000400
00000000
00010001
0b280028
2800fa00
00020501
00020003
01000000
28000400
000f2800
012800fa
03000205
00000400
00000000
00010000
04200020
2000fa00
00030400
00050003
00000000
20000400
000c2000
002000fa
03000304
00000500
00000000
00010000
04200020
2000fa00
00030400
00050003
00000000
20000400
000c2000
002000fa
03000304
00000500
00000000
