00000004
60000102
00011800
0c003000
00010008
02d00700
00180001
00000118
090c0030
00000100
0401d007
00000101
019f0b43
01020300
0e030701
01030100
03050406
40190204
00000000
00010000
01010000
01010101
01010101
00020301
60000102
00011800
0c003000
00010008
02d00700
00180001
00000118
090c0030
00000100
0301d007
00000101
019f0b43
01020300
0e020601
01030100
03050406
40190204
00010000
00000000
01010000
01010101
01010101
00030301
60000102
00011800
0c003000
00010008
02d00700
00180001
00000118
090c0030
00000100
0201d007
00000101
019f0b43
01020300
0e010501
01030100
03050406
40190204
00010000
00010000
01010001
01010101
01010101
00040200
60000102
00011800
0c003000
00010008
02d00700
00180001
00000118
090c0030
00000100
0101d007
00000303
019f0b43
00000100
0e000401
01030100
03050406
40190204
01010000
01010101
00000101
00010100
00000000
00070100
5a000001
00011700
0b002d00
00010008
01a50700
002d0000
00000217
0d0b002d
00000100
0000a507
00000606
01e50a48
00000000
09040000
00010101
03050406
ac170204
01010000
01010101
00000101
00010100
00000000
000b0000
00010001
0f2f0030
3000fa00
01010701
00010001
012f0000
30000400
000f2f00
013000fa
03010107
00000300
00002f00
00010001
0f2f0030
3000fa00
01010701
00010001
012f0000
30000400
000f2f00
013000fa
03010107
00000300
00002f00
00010001
0f2f0030
3000fa00
01010701
00010001
012f0000
30000400
000f2f00
013000fa
03010107
00000300
00002f00
00010001
0f2f0030
3000fa00
01010701
00010001
012f0000
30000400
000f2f00
013000fa
03010107
00000300
00002f00
00010000
0f2d002d
2d00fa00
01010700
00010002
00000000
2d000400
000f2d00
002d00fa
03010107
00000300
00000000
