00000000
7d000203
01011900
0d003200
00010008
03d00700
005e0002
00010319
0c0d0032
57000002
0100d007
00000303
011b0c40
00000000
0e000400
01030100
03050406
4d1a0204
01010000
01010101
00000101
00010100
00000000
00070100
00000000
00000000
00000000
00000000
00000000
00000000
00000000
00000000
00000000
00000000
00000000
00000000
00000000
00000000
00000000
00000000
00000000
00000000
00000000
00000000
00000000
00000000
00000000
00000000
00000000
00000000
00000000
00000000
00000000
00000000
00000000
00000000
00000000
00000000
00000000
00000000
00000000
00000000
00000000
00000000
00000000
00000000
00000000
00000000
00000000
00000000
00000000
00000000
00000000
00000000
00000000
00000000
00000000
00000000
00000000
00000000
00000000
00000000
00000000
00000000
00000000
00000000
00000000
00000000
00000000
00000000
00000000
00000000
00000000
00000000
00000000
00000000
00000000
00000000
00000000
00000000
00000000
00000000
00000000
00000000
00000000
00000000
00000000
00000000
00000000
00000000
00000000
00000000
00000000
00000000
00000000
00000000
00010002
0f320032
3200fa00
01010702
00010001
02000000
32000400
000f3200
023200fa
03010107
00000300
00000000
