00000000
9d010100
00011500
0a002900
0001020c
00ac0728
00670001
00000115
0d0a0029
d8030102
0100ac07
00000303
01fb094e
00000000
09000400
01010001
03050406
b3150204
01010000
01010101
00000101
00010100
00000000
00070100
00000000
00000000
00000000
00000000
00000000
00000000
00000000
00000000
00000000
00000000
00000000
00000000
00000000
00000000
00000000
00000000
00000000
00000000
00000000
00000000
00000000
00000000
00000000
00000000
00000000
00000000
00000000
00000000
00000000
00000000
00000000
00000000
00000000
00000000
00000000
00000000
00000000
00000000
00000000
00000000
00000000
00000000
00000000
00000000
00000000
00000000
00000000
00000000
00000000
00000000
00000000
00000000
00000000
00000000
00000000
00000000
00000000
00000000
00000000
00000000
00000000
00000000
00000000
00000000
00000000
00000000
00000000
00000000
00000000
00000000
00000000
00000000
00000000
00000000
00000000
00000000
00000000
00000000
00000000
00000000
00000000
00000000
00000000
00000000
00000000
00000000
00000000
00000000
00000000
00000000
00000000
00000000
00040001
0fa500a5
2900fc00
00020501
00040003
01000000
29000400
000f2900
012900fc
03000205
39030400
00003903
