00000102
00000000
00000000
00000000
00000000
00000000
00000000
00000000
00000000
00000000
00000000
00000000
00000000
00000000
00000000
00000000
00000000
00000000
00000000
00000000
00000000
00000000
00000000
00000000
c8000000
00021400
0a002800
00000209
00d00700
00320000
00000214
0b0a0028
00000002
0200d007
00000303
00af0951
00000000
09010500
01010001
03050406
0a150204
00010000
00010000
01010001
01010101
01010101
00040200
c8000000
00021400
0a002800
00000209
00d00700
00320000
00000214
0b0a0028
00000002
0100d007
00000303
00af0951
00000000
09000400
01010001
03050406
0a150204
01010000
01010101
00000101
00010100
00000000
00060100
00000000
00000000
00000000
00000000
00000000
00000000
00000000
00000000
00000000
00000000
00000000
00000000
00000000
00000000
00000000
00000000
00000000
00000000
00000000
00000000
00000000
00000000
00000000
00000000
00000000
00000000
00000000
00000000
00000000
00000000
00000000
00000000
00000000
00000000
00000000
00000000
00000000
00000000
00000000
00000000
00000000
00000000
00000000
00000000
00000000
00000000
00000000
00000000
00000000
00000000
00000000
00000000
00000000
00000000
00000000
00000000
00000000
00000000
00010000
0f280028
2800fa00
00020500
00010001
00000000
28000400
000f2800
002800fa
03000205
00000300
00000000
00010000
0f280028
2800fa00
00020500
00010001
00000000
28000400
000f2800
002800fa
03000205
00000300
00000000
