0.000000000000
0.000000000000
0.000000000000
0.000000000000
0.000000000000
0.000000000000
0.000000000000
0.000000000000
0.000000000000
0.000000000000
0.000000000000
0.000000000000
0.000000000000
0.000000000000
0.000000000000
0.000000000000
0.000000000000
0.000000000000
0.000000000000
0.000000000000
0.000000000000
0.000000000000
0.000000000000
0.000000000000
0.000000000000
0.000000000000
0.000000000000
0.000000000000
0.000000000000
0.000000000000
0.000000000000
0.000000000000
0.000000000000
0.000000000000
0.000000000000
0.000000000000
0.000000000000
0.000000000000
0.000000000000
0.000000000000
0.000000000000
0.000000000000
0.000000000000
0.000000000000
0.000000000000
0.000000000000
0.000000000000
0.000000000000
0.000000000000
0.000000000000
0.000000000000
0.000000000000
0.000000000000
0.000000000000
0.000000000000
0.000000000000
0.000000000000
0.000000000000
0.000000000000
0.000000000000
0.000000000000
0.000000000000
-0.000000055659
-0.000000185589
-0.000000411707
-0.000000759059
-0.000001256086
-0.000001935640
-0.000002836055
-0.000004001871
-0.000005482388
-0.000007323061
-0.000009552368
-0.000012152107
-0.000015009061
-0.000017841407
-0.000020092053
-0.000020628891
-0.000019166533
-0.000015459833
-0.000009324084
-0.000000647766
0.000010605949
0.000024394622
0.000040600307
0.000059034842
0.000079443882
0.000101510863
0.000124862396
0.000149068389
0.000173654437
0.000198118177
0.000221951872
0.000244670237
0.000265836376
0.000285085786
0.000302143600
0.000316830739
0.000329059194
0.000338818061
0.000346154240
0.000351154281
0.000353928387
0.000354600080
0.000353301738
0.000350174735
0.000345376511
0.000339084625
0.000331496740
0.000322824952
0.000313282580
0.000303072340
0.000292377296
0.000281352340
0.000270120229
0.000258771281
0.000247362461
0.000235937593
0.000224535858
0.000213197998
0.000201966843
0.000190870760
0.000179926653
0.000169153843
0.000158571009
0.000148199001
0.000138063082
0.000128118966
0.000118392313
0.000108947908
0.000099887579
0.000091331140
0.000083292673
0.000075645841
0.000068382898
0.000061531208
0.000055156468
0.000049340163
0.000043549772
0.000037523732
0.000031342085
0.000025348746
0.000020090838
0.000015815113
0.000011247170
0.000006384642
0.000001641347
-0.000002140367
-0.000003892831
-0.000004938866
-0.000007082042
-0.000010309366
-0.000013703615
-0.000015537318
-0.000013796266
-0.000013236441
-0.000014320519
-0.000016531131
-0.000018173938
-0.000016711628
-0.000012537412
-0.000010022776
-0.000009383275
-0.000009526834
-0.000008025046
-0.000001743473
0.000005274733
0.000011081051
0.000016082459
0.000022022963
0.000031773219
0.000047007906
0.000062552196
0.000078362516
0.000095658782
0.000117116672
0.000146462081
0.000183051037
0.000225370822
0.000275389461
0.000336643680
0.000414257091
0.000514424580
0.000636442432
0.000785255308
0.000967786030
0.001193351559
0.001473637929
0.001819927933
0.002242430521
0.002756821156
0.003382153729
0.004141066215
0.005059493882
0.006161652315
0.007475838777
0.009034339420
0.010872365673
0.013027346591
0.015536810585
0.018434174248
0.021754430920
0.025530695887
0.029793038546
0.034567023273
0.039869652294
0.045710313228
0.052092432518
0.059012053192
0.066457788507
0.074410822243
0.082841268282
0.091715647667
0.100995966100
0.110641072899
0.120607822573
0.130850737788
0.141322690153
0.151979256341
0.162778309594
0.173680649572
0.184650203051
0.195651534378
0.206653123914
0.217627402553
0.228550266280
0.239400824011
0.250160438337
0.260810699142
0.271336962241
0.281726877976
0.291970230679
0.302058616919
0.311983606661
0.321737683182
0.331315429383
0.340712817051
0.349927112903
0.358956634849
0.367798191968
0.376450958125
0.384915158553
0.393192071418
0.401283882830
0.409192600820
0.416919811016
0.424468649297
0.431842810093
0.439046452217
0.446084002170
0.452958091247
0.459672442893
0.466231356828
0.472639251629
0.478900587802
0.485019137500
0.490996854333
0.496838162586
0.502547392449
0.508128657743
0.513585803805
0.518919854823
0.524133547268
0.529231529413
0.534218065430
0.539096877258
0.543871191260
0.548538626432
0.553104516631
0.557573907410
0.561951004178
0.566239059374
0.570437711285
0.574547098519
0.578572655095
0.582519054973
0.586389736663
0.590186951826
0.593906650170
0.597551968707
0.601127482626
0.604636682493
0.608081738063
0.611462220384
0.614774655532
0.618023280385
0.621211821755
0.624342913273
0.627418052219
0.630434028719
0.633391376421
0.636293861592
0.639144474476
0.641945098869
0.644696656774
0.647394238361
0.650041280549
0.652641024951
0.655195960467
0.657707708332
0.660175048422
0.662597273397
0.664977901777
0.667320026586
0.669625949609
0.671897195371
0.674131225352
0.676330145936
0.678497076403
0.680634539248
0.682744280119
0.684826471136
0.686879341937
0.688905503669
0.690907181886
0.692885873803
0.694842305539
0.696774392823
0.698681909090
0.700566345177
0.702428736374
0.704269509844
0.706088564171
0.707882487443
0.709652398013
0.711399322151
0.713123899144
0.714826305541
0.716505111773
0.718159034787
0.719789105934
0.721396147821
0.722980601692
0.724542546351
0.726079783673
0.727592750330
0.729082575429
0.730550198821
0.731996272841
0.733420673701
0.734822178754
0.736202177336
0.737561952579
0.738902488245
0.740224433387
0.741526844666
0.742809881846
0.744074802347
0.745322686785
0.746554337490
0.747770294482
0.748969059495
0.750151825820
0.751319726312
0.752473658324
0.753614233383
0.754741052030
0.755853718068
0.756953228064
0.758040442887
0.759115976616
0.760180185274
0.761231910151
0.762271510266
0.763299694729
0.764316987558
0.765323684284
0.766319554361
0.767303614901
0.768276562318
0.769239079742
0.770191726741
0.771134906199
0.772067989899
0.772991040113
0.773904816171
0.774809921802
0.775706732051
0.776595404885
0.777474652833
0.778345002756
0.779206966931
0.780060948468
0.780907215522
0.781745378736
0.782575059188
0.783396872241
0.784211349769
0.785018851783
0.785819549624
0.786612510581
0.787397855915
0.788175970137
0.788947134248
0.789711497251
0.790468851599
0.791218426727
0.791960631571
0.792695855043
0.793424383635
0.794146373316
0.794861218339
0.795568755291
0.796269319683
0.796963167946
0.797650438138
0.798331157170
0.799004343576
0.799670298154
0.800329337855
0.800981726923
0.801627651726
0.802266839297
0.802898998799
0.803524548237
0.804143877176
0.804757295559
0.805365024256
0.805966525134
0.806562024524
0.807151968035
0.807736753958
0.808316700851
0.808891866315
0.809461862420
0.810027125303
0.810588052950
0.811144948654
0.811698003555
0.812246827025
0.812791331357
0.813331800276
0.813868473399
0.814401522134
0.814931052917
0.815456410643
0.815977904055
0.816495853989
0.817010534856
0.817522146600
0.818030510581
0.818535389511
0.819037056466
0.819535739257
0.820031588153
0.820524673855
0.821014465830
0.821501011160
0.821984526360
0.822465192135
0.822943124635
0.823418226946
0.823890030353
0.824358689238
0.824824318989
0.825286961414
0.825746581747
0.826202708527
0.826655129107
0.827103957377
0.827549309887
0.827991279768
0.828429925697
0.828864703962
0.829295812080
0.829723444965
0.830147753672
0.830568833663
0.830986498516
0.831400537617
0.831811183813
0.832218686284
0.832623280180
0.833025168386
0.833424084025
0.833820188649
0.834213747170
0.834604962886
0.834993959903
0.835380678751
0.835764760694
0.836146357546
0.836525632145
0.836902735648
0.837277794358
0.837650597284
0.838021112746
0.838389526830
0.838755970947
0.839120495313
0.839483065965
0.839843119601
0.840200668064
0.840555734887
0.840908343534
0.841258516928
0.841606087449
0.841950885800
0.842293108117
0.842632951385
0.842970574652
0.843306077584
0.843639139638
0.843969772153
0.844298071838
0.844624103715
0.844947901607
0.845269388950
0.845588280602
0.845904753175
0.846219020115
0.846531301604
0.846841803091
0.847150445993
0.847457293659
0.847762582980
0.848066497182
0.848369144094
0.848670553263
0.848970303425
0.849268439627
0.849565003292
0.849860021392
0.850153506382
0.850445300455
0.850735234730
0.851023441357
0.851310057884
0.851595200097
0.851878946758
0.852161038050
0.852441496299
0.852720421143
0.852997887020
0.853273936383
0.853548505622
0.853821332536
0.854092517585
0.854362174113
0.854630409049
0.854897312327
0.855162736763
0.855426660976
0.855689229948
0.855950570099
0.856210771283
0.856469878968
0.856727564577
0.856983894732
0.857238926359
0.857492690162
0.857745185564
0.857996245718
0.858245671745
0.858493508746
0.858739804037
0.858984592510
0.859227889803
0.859469437079
0.859709229342
0.859947343355
0.860183847902
0.860418793812
0.860652145962
0.860883697339
0.861113545864
0.861341798866
0.861568557720
0.861793910157
0.862017744252
0.862240055843
0.862460990257
0.862680690089
0.862899282794
0.863116875089
0.863333269106
0.863548615856
0.863763070489
0.863976773680
0.864189840688
0.864402237557
0.864613886128
0.864824897973
0.865035366134
0.865245352762
0.865454885157
0.865663739131
0.865871895021
0.866079395708
0.866286272287
0.866492536080
0.866698118926
0.866902796359
0.867106596330
0.867309545193
0.867511655705
0.867712923119
0.867913167814
0.868112304656
0.868310383325
0.868507458634
0.868703579599
0.868898782610
0.869092841259
0.869285832225
0.869477836994
0.869668928128
0.869859164052
0.870048485820
0.870236812494
0.870424251833
0.870610919692
0.870796925811
0.870982362523
0.871167101532
0.871351184167
0.871534691766
0.871717676436
0.871900154111
0.872082055751
0.872263163366
0.872443481647
0.872623025765
0.872801816733
0.872979878510
0.873157094112
0.873333430795
0.873508971161
0.873683791972
0.873857947734
0.874031460135
0.874204094251
0.874375858427
0.874546753198
0.874716767166
0.874885878969
0.875053970651
0.875220910607
0.875386744171
0.875551538388
0.875715370647
0.875878318989
0.876040281682
0.876201320252
0.876361547643
0.876521066735
0.876679962035
0.876838252199
0.876995826730
0.877152771165
0.877309173274
0.877465114388
0.877620663944
0.877775750955
0.877930366281
0.878084593589
0.878238507020
0.878392163078
0.878545597574
0.878698633902
0.878851325843
0.879003732845
0.879155911130
0.879307907785
0.879459675964
0.879611139856
0.879762352492
0.879913353677
0.880064158795
0.880214753821
0.880364945856
0.880514674049
0.880663922483
0.880812677611
0.880960930411
0.881108640887
0.881255685040
0.881402140140
0.881548108645
0.881693702882
0.881839030991
0.881984071804
0.882128846671
0.882273441594
0.882417911055
0.882562268476
0.882706483710
0.882850310835
0.882993696627
0.883136587128
0.883278930257
0.883420680972
0.883561731735
0.883701976153
0.883841460489
0.883980252461
0.884118424208
0.884256035911
0.884392982067
0.884529261287
0.884664888830
0.884799851369
0.884934107689
0.885067560400
0.885200013965
0.885331446690
0.885461866647
0.885591309661
0.885719834505
0.885847414004
0.885974086384
0.886099973108
0.886225188289
0.886349824372
0.886473944021
0.886597422161
0.886720301947
0.886842618542
0.886964396629
0.887085651128
0.887206324409
0.887326344683
0.887445761630
0.887564638687
0.887683049738
0.887801077911
0.887918691202
0.888035989693
0.888153121605
0.888270230225
0.888387434689
0.888504781001
0.888622183757
0.888739654692
0.888857165991
0.888974656765
0.889092049882
0.889209182180
0.889325975764
0.889442478522
0.889558794023
0.889675066324
0.889791455534
0.889907963046
0.890024731024
0.890141848601
0.890259330542
0.890377112937
0.890495003680
0.890612756827
0.890730224649
0.890847280230
0.890963830292
0.891079819941
0.891195113119
0.891309712168
0.891423670649
0.891537037377
0.891649838181
0.891762036790
0.891873490452
0.891984172803
0.892094055217
0.892203111389
0.892311322133
0.892418593840
0.892524893144
0.892630269977
0.892734787402
0.892838512539
0.892941510272
0.893043709122
0.893145194655
0.893246060125
0.893346398915
0.893446298170
0.893545779000
0.893644835336
0.893743541815
0.893841962100
0.893940144943
0.894038124522
0.894135822751
0.894233256059
0.894330478794
0.894427550526
0.894524529340
0.894621437831
0.894718216112
0.894814905546
0.894911530608
0.895008092401
0.895104568375
0.895200841423
0.895296830101
0.895392519819
0.895487910691
0.895583017827
0.895677869490
0.895772383629
0.895866631243
0.895960690441
0.896054632058
0.896148509209
0.896242300785
0.896335952718
0.896429482510
0.896522898043
0.896616199061
0.896709381172
0.896802345413
0.896895093706
0.896987669587
0.897080122670
0.897172498757
0.897264806064
0.897356971957
0.897449016071
0.897540940761
0.897632727172
0.897724336802
0.897815646699
0.897906569558
0.897997081495
0.898087171169
0.898176836727
0.898266080907
0.898354793532
0.898442995570
0.898530709460
0.898617951251
0.898704727124
0.898790987185
0.898876664644
0.898961778144
0.899046359780
0.899130453296
0.899214110674
0.899297298705
0.899380067549
0.899462495275
0.899544654189
0.899626603518
0.899708362684
0.899789875254
0.899871174137
0.899952287731
0.900033237421
0.900114035769
0.900194620273
0.900274953939
0.900355044126
0.900434891472
0.900514486305
0.900593807628
0.900672724267
0.900751224135
0.900829304559
0.900906971433
0.900984239093
0.901061087575
0.901137494984
0.901213521843
0.901289236544
0.901364706535
0.901439991173
0.901515055756
0.901589931824
0.901664671220
0.901739323178
0.901813936103
0.901888539542
0.901963114689
0.902037749265
0.902112544336
0.902187603924
0.902263023289
0.902338816099
0.902415001393
0.902491616234
0.902568666208
0.902646124805
0.902723938041
0.902801936568
0.902880060046
0.902958256464
0.903036481169
0.903114693157
0.903192808956
0.903270726981
0.903348405679
0.903425795553
0.903502837711
0.903579467711
0.903655546502
0.903731020514
0.903805887128
0.903880173252
0.903953929173
0.904027197673
0.904099968186
0.904172308346
0.904244270420
0.904315882376
0.904387146406
0.904457986900
0.904528349905
0.904598236367
0.904667669694
0.904736698894
0.904805396050
0.904873758405
0.904941896673
0.905009923948
0.905077940212
0.905146021222
0.905214176191
0.905282374999
0.905350628872
0.905418937069
0.905487290088
0.905555672452
0.905623995532
0.905692233498
0.905760385278
0.905828452266
0.905896435431
0.905964316111
0.906032027920
0.906099585564
0.906167010317
0.906234325717
0.906301553337
0.906368657017
0.906435621308
0.906502467466
0.906569214223
0.906635877250
0.906702470627
0.906768926800
0.906835284790
0.906901597602
0.906967926975
0.907034337225
0.907100853381
0.907167482280
0.907234277843
0.907301277943
0.907368498756
0.907435933234
0.907503487385
0.907571117202
0.907638796217
0.907706500000
0.907774208180
0.907841887899
0.907909465658
0.907976948813
0.908044346876
0.908111661145
0.908178875722
0.908245901806
0.908312653649
0.908379069507
0.908445082172
0.908510627732
0.908575655648
0.908640057313
0.908703848004
0.908767079410
0.908829828175
0.908892179429
0.908954174959
0.909015821009
0.909077148388
0.909138157916
0.909198826054
0.909259118831
0.909318946466
0.909378305136
0.909437253270
0.909495891489
0.909554348241
0.909612740395
0.909671120785
0.909729571331
0.909788119842
0.909846734736
0.909905334591
0.909963763522
0.910021890326
0.910079648778
0.910137018571
0.910194025912
0.910250731414
0.910307136609
0.910363322089
0.910419347184
0.910475237328
0.910530985388
0.910586534701
0.910641823944
0.910696871786
0.910751739734
0.910806530202
0.910861371876
0.910916335868
0.910971527006
0.911027027172
0.911082864698
0.911139015516
0.911195403533
0.911251902352
0.911308476459
0.911365134846
0.911421934644
0.911478969715
0.911536300910
0.911593996552
0.911652117544
0.911710662547
0.911769560995
0.911828683575
0.911887795580
0.911946747918
0.912005427565
0.912063774041
0.912121781937
0.912179459277
0.912236826530
0.912293950828
0.912350873785
0.912407594411
0.912464065972
0.912520149645
0.912575746021
0.912630788749
0.912685246719
0.912739132409
0.912792484499
0.912845331229
0.912897776761
0.912949921439
0.913001843628
0.913053590224
0.913105135309
0.913156453261
0.913207547081
0.913258430352
0.913309134114
0.913359707417
0.913410146922
0.913460529529
0.913510930000
0.913561407762
0.913611998628
0.913662686039
0.913713424114
0.913764199892
0.913814998081
0.913865805040
0.913916610478
0.913967356699
0.914018034807
0.914068654616
0.914119227234
0.914169763248
0.914220259821
0.914270681533
0.914321056917
0.914371421241
0.914421809814
0.914472249883
0.914522714197
0.914573176019
0.914623619917
0.914674016041
0.914724327316
0.914774520875
0.914824517569
0.914874343607
0.914924063023
0.914973770079
0.915023574529
0.915073555424
0.915123760785
0.915174244176
0.915225010597
0.915276013490
0.915327162805
0.915378292275
0.915429279074
0.915480035473
0.915530507111
0.915580676457
0.915630544701
0.915680099172
0.915729390124
0.915778461650
0.915827338069
0.915876017785
0.915924438462
0.915972541563
0.916020296354
0.916067682852
0.916114696770
0.916161349590
0.916207605977
0.916253504983
0.916299089138
0.916344395799
0.916389452445
0.916434252008
0.916478773944
0.916523039661
0.916567077233
0.916610920816
0.916654607361
0.916698124449
0.916741495841
0.916784750875
0.916827907318
0.916870970832
0.916913926666
0.916956727582
0.916999388480
0.917041942225
0.917084440039
0.917126947849
0.917169503305
0.917212159531
0.917254984803
0.917298024242
0.917341289400
0.917384753204
0.917428296120
0.917471837389
0.917515286738
0.917558557849
0.917601582739
0.917644300849
0.917686684049
0.917728784562
0.917770689732
0.917812506134
0.917854340477
0.917896235871
0.917938246482
0.917980403922
0.918022703424
0.918065110931
0.918107565024
0.918149975071
0.918192319095
0.918234602189
0.918276853578
0.918319116372
0.918361399088
0.918403712193
0.918446067268
0.918488446760
0.918530806413
0.918573086161
0.918615172714
0.918657034468
0.918698674811
0.918740132224
0.918781470619
0.918822739610
0.918863969097
0.918905196520
0.918946420068
0.918987596478
0.919028651091
0.919069455717
0.919109934385
0.919150063663
0.919189873162
0.919229444595
0.919268886963
0.919308294635
0.919347796969
0.919387487550
0.919427404083
0.919467521110
0.919507725415
0.919547881768
0.919587869630
0.919627585560
0.919666961833
0.919705975964
0.919744599705
0.919782900421
0.919820971317
0.919858912013
0.919896811570
0.919934715663
0.919972636022
0.920010594349
0.920048592526
0.920086616517
0.920124640939
0.920162594595
0.920200440985
0.920238161749
0.920275749180
0.920313209602
0.920350556452
0.920387796112
0.920424999901
0.920462256240
0.920499659029
0.920537293465
0.920575191958
0.920613368242
0.920651821062
0.920690512246
0.920729372943
0.920768316102
0.920807204598
0.920845972919
0.920884586384
0.920923043687
0.920961372162
0.920999596636
0.921037739617
0.921075849513
0.921113957396
0.921152070318
0.921190171700
0.921228189039
0.921266080244
0.921303824224
0.921341417139
0.921378874216
0.921416216356
0.921453446104
0.921490609607
0.921527746653
0.921564882406
0.921602023893
0.921639132300
0.921676173157
0.921713134540
0.921750011932
0.921786810360
0.921823542539
0.921860177493
0.921896733764
0.921933222195
0.921969637794
0.922005955597
0.922042112508
0.922078026233
0.922113644496
0.922148925337
0.922183844896
0.922218402490
0.922252585196
0.922286436623
0.922320032209
0.922353459884
0.922386809712
0.922420154875
0.922453528527
0.922486987437
0.922520571371
0.922554301952
0.922588183945
0.922622180975
0.922656262128
0.922690417399
0.922724642135
0.922758939312
0.922793320030
0.922827757696
0.922862282387
0.922896927091
0.922931719240
0.922966672874
0.923001764188
0.923036942429
0.923072170175
0.923107398469
0.923142573250
0.923177643698
0.923212535065
0.923247225253
0.923281729233
0.923316086966
0.923350356547
0.923384594777
0.923418830279
0.923453119554
0.923487499726
0.923521981670
0.923556548250
0.923591130461
0.923625656823
0.923660074328
0.923694339461
0.923728426370
0.923762331647
0.923796031780
0.923829573930
0.923863021851
0.923896443673
0.923929899427
0.923963412419
0.923996975218
0.924030585942
0.924064222671
0.924097849140
0.924131423115
0.924164871506
0.924198163662
0.924231298864
0.924264296308
0.924297189719
0.924330010081
0.924362761024
0.924395473801
0.924428166153
0.924460838849
0.924493476608
0.924526027252
0.924558447878
0.924590723327
0.924622854319
0.924654859874
0.924686775558
0.924718606910
0.924750410612
0.924782241101
0.924814139692
0.924846126614
0.924878180259
0.924910251204
0.924942304923
0.924974304214
0.925006219017
0.925038035394
0.925069728934
0.925101329674
0.925132900327
0.925164516858
0.925196254582
0.925228165327
0.925260251722
0.925292520649
0.925324947240
0.925357478612
0.925390043455
0.925422540299
0.925454889944
0.925487056426
0.925519035128
0.925550851772
0.925582555126
0.925614164891
0.925645746254
0.925677354186
0.925709022606
0.925740759305
0.925772530344
0.925804278729
0.925835970761
0.925867580581
0.925899097957
0.925930532021
0.925961877146
0.925993170719
0.926024467389
0.926055818588
0.926087261607
0.926118803256
0.926150402262
0.926182032075
0.926213652191
0.926245214964
0.926276673502
0.926307964479
0.926339050250
0.926369930603
0.926400623665
0.926431160382
0.926461576821
0.926491866998
0.926522060362
0.926552175576
0.926582216468
0.926612171333
0.926641999188
0.926671646233
0.926701087265
0.926730307069
0.926759304967
0.926788097271
0.926816686144
0.926845116980
0.926873457831
0.926901783679
0.926930168392
0.926958669243
0.926987307750
0.927016124105
0.927045142633
0.927074370691
0.927103799500
0.927133383151
0.927163078162
0.927192856338
0.927222691774
0.927252563785
0.927282459095
0.927312335861
0.927342205166
0.927372089231
0.927402016260
0.927432014376
0.927462089799
0.927492232892
0.927522447924
0.927552727262
0.927583051841
0.927613394057
0.927643692358
0.927673914617
0.927704046798
0.927734086184
0.927764040299
0.927793915884
0.927823701501
0.927853420334
0.927883093810
0.927912737694
0.927942360283
0.927971940194
0.928001462649
0.928030929953
0.928060346859
0.928089720624
0.928119059952
0.928148337056
0.928177564283
0.928206753173
0.928235910854
0.928265037559
0.928294111048
0.928323097712
0.928351984969
0.928380760837
0.928409415960
0.928437945578
0.928466323164
0.928494554197
0.928522660323
0.928550667697
0.928578601600
0.928606473874
0.928634266886
0.928661985068
0.928689626968
0.928717188385
0.928744667336
0.928772048044
0.928799336858
0.928826569920
0.928853793105
0.928881052940
0.928908385682
0.928935772721
0.928963211203
0.928990676693
0.929018128471
0.929045520624
0.929072801482
0.929099937123
0.929126949462
0.929153892393
0.929180841073
0.929207874197
0.929235025687
0.929262320536
0.929289748363
0.929317254250
0.929344748907
0.929372121359
0.929399252170
0.929426089562
0.929452634597
0.929478942861
0.929505112738
0.929531241661
0.929557429533
0.929583758115
0.929610255143
0.929636885901
0.929663559722
0.929690116420
0.929716428740
0.929742395945
0.929767966878
0.929793152354
0.929818009917
0.929842640169
0.929867193154
0.929891818042
0.929916636187
0.929941721386
0.929967064261
0.929992625947
0.930018335495
0.930044099569
0.930069821613
0.930095412764
0.930120794134
0.930145953097
0.930170915146
0.930195736643
0.930220493397
0.930245247318
0.930270063088
0.930295003420
0.930320105475
0.930345375107
0.930370785834
0.930396251456
0.930421703169
0.930447066684
0.930472273203
0.930497270067
0.930522015856
0.930546494609
0.930570743409
0.930594825787
0.930618821109
0.930642811578
0.930666843906
0.930690967306
0.930715212561
0.930739581711
0.930764049809
0.930788564912
0.930813047612
0.930837449672
0.930861736896
0.930885895473
0.930909934700
0.930933867384
0.930957732821
0.930981594703
0.931005517448
0.931029555428
0.931053744008
0.931078064821
0.931102508060
0.931127041606
0.931151614360
0.931176162463
0.931200605433
0.931224863736
0.931248891805
0.931272665225
0.931296183651
0.931319470884
0.931342548750
0.931365476551
0.931388330035
0.931411184123
0.931434101839
0.931457118816
0.931480227559
0.931503420371
0.931526667013
0.931549921350
0.931573131377
0.931596233004
0.931619187142
0.931641992290
0.931664672587
0.931687272508
0.931709847050
0.931732420898
0.931755040081
0.931777731559
0.931800497697
0.931823316656
0.931846136117
0.931868891491
0.931891541633
0.931914058440
0.931936431073
0.931958665654
0.931980758169
0.932002730741
0.932024610939
0.932046417153
0.932068153003
0.932089799843
0.932111309689
0.932132655330
0.932153812846
0.932174767603
0.932195518354
0.932216060979
0.932236413390
0.932256617765
0.932276721847
0.932296772198
0.932316808590
0.932336832017
0.932356866092
0.932376927343
0.932397025995
0.932417167367
0.932437340951
0.932457530061
0.932477738508
0.932497971244
0.932518233161
0.932538527872
0.932558833486
0.932579146419
0.932599469332
0.932619803678
0.932640148479
0.932660493428
0.932680808378
0.932701089579
0.932721337313
0.932741557487
0.932761762886
0.932781955817
0.932802153075
0.932822389603
0.932842700683
0.932863115045
0.932883648157
0.932904269885
0.932924962250
0.932945692239
0.932966415935
0.932987085608
0.933007647027
0.933028056034
0.933048309103
0.933068428410
0.933088459673
0.933108465759
0.933128495435
0.933148613631
0.933168879088
0.933189328523
0.933209970324
0.933230777673
0.933251683217
0.933272629431
0.933293558178
0.933314422965
0.933335199468
0.933355875943
0.933376477914
0.933397069304
0.933417729708
0.933438538776
0.933459559805
0.933480800501
0.933502260929
0.933523907429
0.933545679839
0.933567505086
0.933589303294
0.933611011190
0.933632617437
0.933654150321
0.933675672253
0.933697265915
0.933718994071
0.933740919019
0.933763075593
0.933785455160
0.933808004373
0.933830628043
0.933853195710
0.933875600502
0.933897756597
0.933919612488
0.933941156540
0.933962398483
0.933983382187
0.934004176937
0.934024850235
0.934045453682
0.934066014190
0.934086507892
0.934106917752
0.934127217098
0.934147380124
0.934167391848
0.934187245004
0.934206949931
0.934226553760
0.934246117875
0.934265708035
0.934285383869
0.934305170673
0.934325090203
0.934345148194
0.934365329833
0.934385603719
0.934405923266
0.934426226325
0.934446478447
0.934466657593
0.934486756271
0.934506781133
0.934526735854
0.934546639152
0.934566524512
0.934586424339
0.934606365348
0.934626365694
0.934646410608
0.934666504748
0.934686647595
0.934706833649
0.934727052603
0.934747279285
0.934767481608
0.934787642088
0.934807742859
0.934827767360
0.934847703003
0.934867524725
0.934887235123
0.934906853458
0.934926406661
0.934945923181
0.934965420227
0.934984888399
0.935004324179
0.935023705845
0.935042995029
0.935062142873
0.935081084385
0.935099772373
0.935118191746
0.935136353263
0.935154292602
0.935172064211
0.935189707492
0.935207287424
0.935224857898
0.935242452839
0.935260082190
0.935277723140
0.935295332786
0.935312877615
0.935330326273
0.935347655609
0.935364853719
0.935381900643
0.935398802557
0.935415577841
0.935432247163
0.935448829912
0.935465337530
0.935481765493
0.935498131790
0.935514457607
0.935530766973
0.935547085016
0.935563420389
0.935579783879
0.935596190623
0.935612647583
0.935629153112
0.935645698637
0.935662248658
0.935678795758
0.935695338391
0.935711880885
0.935728431439
0.935744988811
0.935761545575
0.935778105739
0.935794668240
0.935811228043
0.935827779747
0.935844303531
0.935860806628
0.935877315617
0.935893869132
0.935910511813
0.935927280755
0.935944188413
0.935961249228
0.935978456224
0.935995781770
0.936013183827
0.936030602191
0.936047991126
0.936065333941
0.936082637264
0.936099928691
0.936117248589
0.936134616891
0.936152067410
0.936169615839
0.936187255048
0.936204957190
0.936222673040
0.936240349817
0.936257961261
0.936275501603
0.936292986683
0.936310448527
0.936327907941
0.936345394921
0.936362929595
0.936380511412
0.936398119368
0.936415714221
0.936433241823
0.936450675927
0.936468009028
0.936485254079
0.936502439626
0.936519587380
0.936536718877
0.936553850400
0.936570979172
0.936588085016
0.936605138580
0.936622093628
0.936638943142
0.936655706250
0.936672427929
0.936689170297
0.936705988968
0.936722920592
0.936739984022
0.936757158305
0.936774383170
0.936791570197
0.936808607148
0.936825410390
0.936841936863
0.936858191700
0.936874228820
0.936890136121
0.936906009583
0.936921957104
0.936938059313
0.936954352911
0.936970824580
0.936987405226
0.937004002434
0.937020523411
0.937036886597
0.937053037260
0.937068956104
0.937084641929
0.937100144752
0.937115533251
0.937130880019
0.937146248589
0.937161676743
0.937177178986
0.937192763065
0.937208421127
0.937224134921
0.937239881351
0.937255621974
0.937271336075
0.937287012917
0.937302646451
0.937318233582
0.937333768565
0.937349235979
0.937364639168
0.937379983298
0.937395274980
0.937410522086
0.937425721479
0.937440876462
0.937455998872
0.937471097370
0.937486173743
0.937501219660
0.937516196278
0.937531075759
0.937545823234
0.937560400983
0.937574774535
0.937588911658
0.937602793746
0.937616433954
0.937629862896
0.937643122069
0.937656254359
0.937669278846
0.937682211612
0.937695052261
0.937707779863
0.937720358931
0.937732746335
0.937744898135
0.937756807690
0.937768496372
0.937780012710
0.937791424941
0.937802797499
0.937814194356
0.937825670150
0.937837254164
0.937848949153
0.937860737125
0.937872572316
0.937884433144
0.937896312742
0.937908222970
0.937920191923
0.937932248267
0.937944414969
0.937956712957
0.937969141556
0.937981676533
0.937994275446
0.938006874335
0.938019430379
0.938031926767
0.938044375727
0.938056818000
0.938069310745
0.938081907212
0.938094667649
0.938107628610
0.938120792771
0.938134126683
0.938147555942
0.938160994296
0.938174363049
0.938187597785
0.938200658528
0.938213533768
0.938226220930
0.938238756794
0.938251188551
0.938263562778
0.938275916962
0.938288267683
0.938300615110
0.938312961009
0.938325301446
0.938337630164
0.938349940802
0.938362213863
0.938374442855
0.938386627656
0.938398770847
0.938410878490
0.938422957941
0.938435012610
0.938447069418
0.938459163255
0.938471332391
0.938483611510
0.938496013064
0.938508535383
0.938521164619
0.938533868448
0.938546601143
0.938559312172
0.938571939035
0.938584454294
0.938596855740
0.938609167801
0.938621437064
0.938633715455
0.938646052096
0.938658497661
0.938671084314
0.938683820576
0.938696691390
0.938709648568
0.938722645678
0.938735641048
0.938748601420
0.938761505956
0.938774342776
0.938787099359
0.938799783893
0.938812406553
0.938824975662
0.938837496237
0.938849960308
0.938862365679
0.938874724095
0.938887056124
0.938899390980
0.938911763606
0.938924192760
0.938936711387
0.938949344215
0.938962103850
0.938974989860
0.938987984220
0.939001060592
0.939014205672
0.939027414982
0.939040696650
0.939054072086
0.939067559854
0.939081195565
0.939095018798
0.939109061863
0.939123343053
0.939137858672
0.939152575228
0.939167457646
0.939182460540
0.939197534365
0.939212631925
0.939227703441
0.939242716069
0.939257661104
0.939272546336
0.939287392891
0.939302229961
0.939317070349
0.939331942446
0.939346867092
0.939361853014
0.939376894235
0.939391962421
0.939407013263
0.939422007279
0.939436904786
0.939451671600
0.939466283823
0.939480716515
0.939494971635
0.939509070362
0.939523045299
0.939536934550
0.939550771324
0.939564571010
0.939578353987
0.939592129254
0.939605894482
0.939619638210
0.939633332938
0.939646954725
0.939660492042
0.939673941062
0.939687306014
0.939700597590
0.939713813999
0.939726972607
0.939740091032
0.939753185266
0.939766269269
0.939779349064
0.939792428938
0.939805527697
0.939818668813
0.939831879108
0.939845185837
0.939858599494
0.939872135249
0.939885803199
0.939899603066
0.939913524688
0.939927547133
0.939941637055
0.939955780162
0.939969970376
0.939984211345
0.939998515496
0.940012890132
0.940027348913
0.940041910150
0.940056584250
0.940071370511
0.940086256426
0.940101202261
0.940116182422
0.940131170939
0.940146144248
0.940161082851
0.940175964531
0.940190769155
0.940205492796
0.940220135772
0.940234702484
0.940249202100
0.940263635841
0.940278023503
0.940292394265
0.940306778137
0.940321199057
0.940335664012
0.940350151503
0.940364632175
0.940379056589
0.940393361398
0.940407480014
0.940421346031
0.940434919974
0.940448200278
0.940461217383
0.940474027303
0.940486699324
0.940499285922
0.940511841488
0.940524396401
0.940536954051
0.940549495893
0.940561986480
0.940574392383
0.940586708335
0.940598954099
0.940611172974
0.940623422329
0.940635745934
0.940648182468
0.940660746225
0.940673418004
0.940686148742
0.940698868294
0.940711497352
0.940723990479
0.940736334879
0.940748554125
0.940760701960
0.940772837966
0.940785023824
0.940797308337
0.940809707884
0.940822203197
0.940834746325
0.940847259990
0.940859690520
0.940872005915
0.940884203866
0.940896310523
0.940908363810
0.940920402570
0.940932462169
0.940944550252
0.940956640937
0.940968679127
0.940980581457
0.940992278774
0.941003726463
0.941014912766
0.941025861946
0.941036624955
0.941047261144
0.941057844605
0.941068434529
0.941079064400
0.941089739473
0.941100433071
0.941111112921
0.941121757407
0.941132359239
0.941142930289
0.941153499793
0.941164091518
0.941174746903
0.941185498895
0.941196364950
0.941207345536
0.941218421800
0.941229567812
0.941240772830
0.941252037623
0.941263375588
0.941274808397
0.941286344417
0.941297992767
0.941309748303
0.941321583071
0.941333446963
0.941345270942
0.941356972282
0.941368492082
0.941379792889
0.941390864861
0.941401725858
0.941412406356
0.941422952653
0.941433417986
0.941443844512
0.941454255176
0.941464650864
0.941474998379
0.941485270430
0.941495439675
0.941505487885
0.941515412715
0.941525224502
0.941534948570
0.941544631542
0.941554323079
0.941564065946
0.941573887741
0.941583784419
0.941593742847
0.941603739320
0.941613744076
0.941623730737
0.941633682493
0.941643593634
0.941653493960
0.941663434842
0.941673481715
0.941683702931
0.941694148501
0.941704851172
0.941715822119
0.941727042069
0.941738464158
0.941750022301
0.941761629280
0.941773221778
0.941784759132
0.941796231940
0.941807664590
0.941819104683
0.941830616328
0.941842279023
0.941854161803
0.941866307811
0.941878723136
0.941891360102
0.941904143077
0.941916972918
0.941929738759
0.941942335265
0.941954675794
0.941966699311
0.941978399133
0.941989808789
0.942000992752
0.942012031826
0.942022997500
0.942033948809
0.942044924511
0.942055931875
0.942066948563
0.942077931053
0.942088813003
0.942099550922
0.942110122569
0.942120534370
0.942130822203
0.942141039488
0.942151249518
0.942161525401
0.942171928471
0.942182498385
0.942193248166
0.942204153372
0.942215178882
0.942226282822
0.942237422755
0.942248563195
0.942259677188
0.942270742147
0.942281760515
0.942292745729
0.942303718800
0.942314705327
0.942325724378
0.942336799897
0.942347963697
0.942359247326
0.942370678524
0.942382276532
0.942394031998
0.942405936308
0.942417965132
0.942430080100
0.942442233641
0.942454369720
0.942466435640
0.942478402658
0.942490260026
0.942502014210
0.942513684081
0.942525280957
0.942536824151
0.942548328075
0.942559795198
0.942571216578
0.942582573259
0.942593838090
0.942605008015
0.942616097303
0.942627139663
0.942638185639
0.942649286296
0.942660496782
0.942671870100
0.942683441791
0.942695224130
0.942707204689
0.942719334339
0.942731565955
0.942743847853
0.942756131426
0.942768376896
0.942780550399
0.942792627923
0.942804607058
0.942816495682
0.942828309063
0.942840067367
0.942851782379
0.942863477594
0.942875181313
0.942886921095
0.942898720371
0.942910591808
0.942922529147
0.942934527522
0.942946572718
0.942958644419
0.942970721469
0.942982779356
0.942994808066
0.943006818167
0.943018833488
0.943030885615
0.943043005382
0.943055199794
0.943067473758
0.943079811097
0.943092174708
0.943104512244
0.943116760529
0.943128862097
0.943140788316
0.943152538049
0.943164139575
0.943175646502
0.943187118171
0.943198627393
0.943210241341
0.943222007268
0.943233945577
0.943246046093
0.943258268600
0.943270569871
0.943282903045
0.943295227029
0.943307513552
0.943319743572
0.943331917740
0.943344053827
0.943356174540
0.943368299918
0.943380441014
0.943392585012
0.943404719739
0.943416821931
0.943428860593
0.943440802001
0.943452610376
0.943464257219
0.943475734101
0.943487045551
0.943498207960
0.943509247046
0.943520185392
0.943531056497
0.943541894254
0.943552725794
0.943563568158
0.943574424311
0.943585280278
0.943596123387
0.943606934342
0.943617690112
0.943628367301
0.943638938622
0.943649386638
0.943659705814
0.943669896410
0.943679962588
0.943689910235
0.943699734653
0.943709443146
0.943719040758
0.943728529412
0.943737908250
0.943747170330
0.943756308586
0.943765325390
0.943774224729
0.943783011359
0.943791689704
0.943800254781
0.943808707674
0.943817048483
0.943825272920
0.943833372391
0.943841333057
0.943849135424
0.943856772479
0.943864241360
0.943871544358
0.943878689483
0.943885684029
0.943892544914
0.943899297693
0.943905968948
0.943912583899
0.943919164724
0.943925719992
0.943932267043
0.943938818584
0.943945381593
0.943951956822
0.943958534568
0.943965099691
0.943971640918
0.943978144604
0.943984596443
0.943990983791
0.943997290242
0.944003513798
0.944009661553
0.944015745774
0.944021781265
0.944027780082
0.944033745719
0.944039686468
0.944045604597
0.944051496475
0.944057354419
0.944063163162
0.944068913656
0.944074606968
0.944080249763
0.944085852861
0.944091428409
0.944096975923
0.944102502247
0.944108007258
0.944113482692
0.944118913247
0.944124275440
0.944129545471
0.944134713062
0.944139778333
0.944144753504
0.944149662256
0.944154528636
0.944159387700
0.944164275017
0.944169218046
0.944174230984
0.944179309861
0.944184429070
0.944189560210
0.944194669236
0.944199723103
0.944204696403
0.944209570570
0.944214345546
0.944219042573
0.944223696847
0.944228351528
0.944233050179
0.944237819091
0.944242682473
0.944247649622
0.944252714523
0.944257858464
0.944263050946
0.944268258311
0.944273459397
0.944278644821
0.944283819589
0.944289002699
0.944294216018
0.944299493537
0.944304872219
0.944310383986
0.944316050899
0.944321880428
0.944327861362
0.944333981048
0.944340222343
0.944346568406
0.944353006851
0.944359526528
0.944366125747
0.944372813464
0.944379601647
0.944386500063
0.944393510994
0.944400615463
0.944407792349
0.944415011589
0.944422238749
0.944429441295
0.944436591421
0.944443673353
0.944450695196
0.944457683441
0.944464678944
0.944471729801
0.944478875176
0.944486150008
0.944493576570
0.944501159800
0.944508888028
0.944516735140
0.944524663086
0.944532643635
0.944540658348
0.944548702621
0.944556786037
0.944564923451
0.944573136010
0.944581446848
0.944589870364
0.944598406662
0.944607038974
0.944615726431
0.944622455485
0.944627630546
0.944631582698
0.944634582161
0.944636845909
0.944638545965
0.944639817338
0.944640762576
0.944641458121
0.944641960359
0.944642310716
0.944642540835
0.944642675461
0.944642734547
0.944642734547
