00fa0000
00010014
000a0028
0401010d
d0000002
00000007
000009af
00000000
01020100
00010015
000a0029
0401010e
ac001802
00000007
000009fb
00000000
01310203
01010018
000c0031
0601010c
ef002202
00000007
00000bcd
00000000
01390303
01010019
000d0032
0601010c
d0003402
00000007
00000c1b
00000000
01420403
0101001a
000d0034
0601010b
bf03e501
00000007
00000c7b
00000000
01580504
0101001c
000e0037
0601010a
ac001801
00000007
00000d51
00000000
01600604
0101001c
000e0038
0601010b
d9002900
00000007
00000d9d
00000000
007d0000
00020014
000a0028
0401010f
d0000002
03000007
000009af
00000000
00c10103
00030015
000a0029
0401020d
ac03c302
03000007
000009fb
00000000
004c0203
01010018
000c0031
0601010a
ef03b602
03000007
00000bcd
00000000
004e0303
01010019
000d0032
0601010c
d003cc02
03000007
00000c1b
00000000
00510403
0101001a
000d0034
0601010b
bf00b001
03000007
00000c7b
00000000
00560504
0101001c
000e0037
0601010a
ac001801
02000007
00000d51
00000000
00580604
0101001c
000e0038
0601010b
d9002900
02000007
00000d9d
00000000
01010100
00fa00fa
2800fa0c
00020500
00020003
00000000
0009af00
00000000
00000000
01010101
01020102
2900fc0c
00020500
18010003
00001800
0009fb00
00000000
00000000
01010102
01310131
3100f90c
01010700
22010003
00002200
000bcd00
00000000
00000000
01010103
01380138
3200fa0c
01010700
cc010003
0003cc03
000c1b00
00000000
00000000
01010100
003e003e
2800fa0d
00020500
fa020003
0002fa02
0009af03
00000000
00000000
01010101
00400040
2900fc0d
00020500
1a020003
00031a03
0009fb03
00000000
00000000
01010102
004c004c
3100f90e
01010700
b6030003
0003b603
000bcd03
00000000
00000000
01010103
004e004e
3200fa0e
01010700
cc030003
0003cc03
000c1b03
00000000
00000000
01000000
00280028
2800fa0f
00020500
00060001
00000000
0009af00
00000000
00000000
04000001
00a500a5
2900fc0f
00020500
00030003
00000000
0009fb00
00000000
00000000
04000002
00c300c3
3100f90f
01010700
00030003
00000000
000bcd00
00000000
00000000
01000003
00320032
3200fa0f
01010700
00060001
00000000
000c1b00
00000000
00000000
04000000
00280028
2800fa0f
00020500
00040003
00000000
0009af03
00000000
00000000
04000001
00290029
2900fc0f
00020500
39030003
00033903
0009fb03
00000000
00000000
04000002
00310031
3100f90f
01010700
a8040003
0000a800
000bcd03
00000000
00000000
04000003
00320032
3200fa0f
01010700
00040003
00000000
000c1b03
00000000
00000000
00000000
00000000
00000000
00000000
00000000
00000000
00000000
00000000
00000000
00000000
00000000
00000000
00000000
00000000
00000000
00000000
00000000
00000000
00000000
00000000
00000000
00000000
00000000
00000000
00000000
00000000
00000000
00000000
00000000
00000000
00000000
00000000
00000000
00000000
00000000
00000000
00000000
00000000
00000000
00000000
00000000
00000000
00000000
00000000
00000000
00000000
00000000
00000000
00000000
00000000
00000000
00000000
00000000
00000000
00000000
00000000
00000000
00000000
00000000
00000000
00000000
00000000
00000000
00000000
00000000
00000000
00000000
00000000
00000000
00000000
00000000
00000000
00000000
00000000
00000000
00000000
00000000
00000000
00000000
00000000
00000000
00000000
00000000
00000000
00000000
00000000
00000000
00000000
00000000
00000000
00000000
00000000
00000000
00000000
00000000
00000000
00000000
00000000
00000000
00000000
00000000
00000000
00000000
00000000
00000000
00000000
00000000
00000000
00000000
00000000
00000000
00000000
1f1f1f00
20212021
01011010
20202020
00000000
00000000
04000400
04000400
00000000
00000000
00000000
00000000
00000000
00000000
00000000
00000000
00000000
00000040
008040fc
03fee000
000a14a0
0e0f0c00
03050000
00000000
06131015
06050000
14000000
00000000
00000000
20202020
20202020
20202020
20202020
20041000
00000000
00000000
00000000
09090000
00000010
00000190
4b6400fa
7d4b01f4
101900fa
09090909
09090909
09090909
09090909
09090909
09090909
800b0007
80060004
80000000
800b0002
80000000
00000000
00000000
00000000
00000000
00000000
12640400
07b000b0
00000460
000002b0
00000000
09500600
07000660
000000f0
00000000
000000aa
00000000
00000000
00000000
00000000
00000000
00000000
00000000
00000000
00000000
00000000
00000000
00000000
00000000
00000000
00000000
00000000
00000000
00000000
00000000
00000000
00000000
00000000
00000000
00000000
00000000
00000000
00000000
00000000
00000000
00000000
00000000
00000000
00000000
00000000
00000000
00000000
00000000
00000000
00000000
00000000
00000000
00000000
00000000
00000000
00000000
00000000
00000000
00000000
00000000
00000000
00000000
00000000
00000000
00000000
00000000
00000000
00000000
00000000
00000000
00000000
00000000
00000000
00000000
00000000
00000000
00000000
00000000
00000000
00000000
00000000
00000000
00000000
00000000
00000000
00000000
