00a00000
00010014
000a0028
0401000e
e0000002
00000007
000009af
00000000
00a50100
00010015
000a0029
0401010b
bc000002
00000007
000009fb
00000000
00c30203
01010018
000c0031
0601000d
00000002
00000008
00000bcd
00000000
00c80303
01010019
000d0032
0601000b
e0000002
00000007
00000c1b
00000000
00ce0403
0101001a
000d0034
0601000b
cf03d801
00000007
00000c7b
00000000
00dc0504
0101001c
000e0037
0601000b
bc000001
00000007
00000d51
00000000
00e10604
0101001c
000e0038
0601000a
e9000000
00000007
00000d9d
00000000
00780000
00030014
000a0028
0401010f
e0000002
03000007
000009af
00000000
00a50103
00040015
000a0029
0401020c
bc000002
03000007
000009fb
00000000
00310203
01010018
000c0031
0601000d
0000a802
03000008
00000bcd
00000000
00320303
01010019
000d0032
0601000b
e0000002
03000007
00000c1b
00000000
009b0403
0103001a
000d0034
0601010f
cf004201
03000007
00000c7b
00000000
00370504
0101001c
000e0037
0601000b
bc000001
02000007
00000d51
00000000
00380604
0101001c
000e0038
0601000a
e9036e00
02000007
00000d9d
00000000
01010100
00a000a0
2800fc0d
00020500
00020003
00000000
0009af00
00000000
00000000
01010101
00a500a5
2900fe0c
00020500
00020003
00000000
0009fb00
00000000
00000000
01010102
00c300c3
3100fb0d
01010700
00020002
00000000
000bcd00
00000000
00000000
01010103
00c800c8
3200fc0d
01010700
00020002
00000000
000c1b00
00000000
00000000
01010100
00280028
2800fc0d
00020500
00030003
00000000
0009af03
00000000
00000000
01010101
00290029
2900fe0d
00020500
39030003
00033903
0009fb03
00000000
00000000
01010102
00310031
3100fb0e
01010700
a8040003
0000a800
000bcd03
00000000
00000000
01010103
00320032
3200fc0e
01010700
00040003
00000000
000c1b03
00000000
00000000
01000000
00280028
2800fa0f
00020500
00060001
00000000
0009af00
00000000
00000000
04000001
00a500a5
2900fc0f
00020500
00030003
00000000
0009fb00
00000000
00000000
04000002
00c300c3
3100f90f
01010700
00030003
00000000
000bcd00
00000000
00000000
01000003
00320032
3200fa0f
01010700
00060001
00000000
000c1b00
00000000
00000000
04000000
00280028
2800fa0f
00020500
00040003
00000000
0009af03
00000000
00000000
04000001
00290029
2900fc0f
00020500
39030003
00033903
0009fb03
00000000
00000000
04000002
00310031
3100f90f
01010700
a8040003
0000a800
000bcd03
00000000
00000000
04000003
00320032
3200fa0f
01010700
00040003
00000000
000c1b03
00000000
00000000
00000000
00000000
00000000
00000000
00000000
00000000
00000000
00000000
00000000
00000000
00000000
00000000
00000000
00000000
00000000
00000000
00000000
00000000
00000000
00000000
00000000
00000000
00000000
00000000
00000000
00000000
00000000
00000000
00000000
00000000
00000000
00000000
00000000
00000000
00000000
00000000
00000000
00000000
00000000
00000000
00000000
00000000
00000000
00000000
00000000
00000000
00000000
00000000
00000000
00000000
00000000
00000000
00000000
00000000
00000000
00000000
00000000
00000000
00000000
00000000
00000000
00000000
00000000
00000000
00000000
00000000
00000000
00000000
00000000
00000000
00000000
00000000
00000000
00000000
00000000
00000000
00000000
00000000
00000000
00000000
00000000
00000000
00000000
00000000
00000000
00000000
00000000
00000000
00000000
00000000
00000000
00000000
00000000
00000000
00000000
00000000
00000000
00000000
00000000
00000000
00000000
00000000
00000000
00000000
00000000
00000000
00000000
00000000
00000000
00000000
00000000
00000000
1f1f1f00
20212021
01011010
20202020
00000000
00000000
04000400
04000400
00000000
00000000
00000000
00000000
00000000
00000000
00000000
00000000
00000000
00000040
008040fc
03fee000
000a14a0
0e0f0c00
03050000
00000000
06131015
06050000
d4080000
00020800
00000000
20202020
20202020
20202020
20202020
20041000
09090000
00000000
fc000000
e4120a00
c43c0010
03e80190
4b6400fa
7d4b01f4
101900fa
09090909
09090909
09090909
09090909
09090909
09090909
800b0007
80060004
80000000
800b0002
80000000
0f0f6c14
0f0f6c00
0f0f6c02
05052f02
0f0f6c02
12640400
07b000b0
00000460
000002b0
000000ff
32323260
22343200
00086c00
030300ff
00000000
00000000
00000000
000000aa
00000000
00000000
00000000
00000000
00000000
00000000
00000000
00000000
00000000
00000000
00000000
00000000
00000000
00000000
00000000
00000000
00000000
00000000
00000000
00000000
00000000
00000000
00000000
00000000
00000000
00000000
00000000
00000000
00000000
00000000
00000000
00000000
00000000
00000000
00000000
00000000
00000000
00000000
00000000
00000000
00000000
00000000
00000000
00000000
00000000
00000000
00000000
00000000
00000000
00000000
00000000
00000000
00000000
00000000
00000000
00000000
00000000
00000000
00000000
00000000
00000000
00000000
00000000
00000000
00000000
00000000
00000000
00000000
00000000
00000000
00000000
f9646315