00000000
00000000
00000000
00000300
00000000
00000c00
00070008
00000000
00000000
00000000
030103e8
000003e8
f0000000
00000000
0c060000
00000000
00000000
00000008
00000000
3f01a200
00000000
00000000
0000c000
00000000
00000000
00000335
000000fc
00000000
00000000
00000000
00000000
10101010
10101010
01080101
01020102
f4d80000
00000000
00000000
00000000
00000000
00000000
00000000
00000000
00000000
00000000
00000000
00000000
00000000
00000000
00000000
00000000
00000000
00000000
00000000
00000000
00000000
00000000
00000000
00000000
00000000
00000000
00000000
00000000
00000000
0000000d
04010000
00010101
0f000f00
01000000
01000088
01000000
01090307
01000404
05040601
0a020403
00000015
01000000
01000000
01010101
01010101
02030101
0000ad25
03010003
00010101
0f000b00
01010203
01000088
01000300
000e0206
03000505
05040601
4d020403
0100001a
00000000
01000000
01010101
01010101
03030101
0000a925
02010001
00000303
00010001
01010203
01000088
01000100
01090105
01000404
05040601
b3020403
01000015
01000000
01000100
01010101
01010101
04020001
0000ad25
02010003
00010101
00010001
01010203
01000088
01000300
000e0105
03000505
05040601
4d020403
0100001a
01000000
01000100
01010101
01010101
04020001
0000a925
01010001
00010303
00010001
01000000
01000088
01000100
01090004
01000404
05040601
b3020403
01000015
01010101
00010101
01010000
00000000
07010000
0000ad25
01010002
00010303
00010001
01000001
01000088
01000200
000e0004
03000505
05040601
a5020403
01000019
01010101
00010101
01010000
00000000
07010000
0000a925
01010003
00010303
00010001
01000000
01000088
01000300
000e0004
03000505
05040601
4d020403
0100001a
01010101
00010101
01010000
00000000
07010000
0000a925
00010004
00010707
00010001
02000000
01000088
01000400
000e0400
07000505
05040600
20020403
0100001b
01010101
00010101
01010000
00000000
0c000000
0000a925
00010005
00010707
00010001
02000000
01000088
01000500
000e0400
07000707
05040600
ef020403
0100001c
01010101
00010101
01010000
00000000
0d000000
00009d25
00010006
00010707
00010001
02000000
01000088
01000600
000e0400
07000707
05040600
97020403
0100001d
01010101
00010101
01010000
00000000
0d000000
00009d25
00000000
00000000
00000000
00000000
00000000
00000000
00000000
00000000
00000000
00000000
00000000
00000000
00000000
00000000
00000000
00000000
00000000
00000000
00000000
00000000
00000000
00000000
00000000
00000000
00000000
00000000
00000000
00000000
00000000
00000000
00000000
00000000
00000000
00000000
03010000
00000303
0f000800
01010203
01000088
01000000
01090206
01000404
05040601
0a020403
01000015
00000000
01000000
01010101
01010101
03030101
0000ad25
00010001
00010606
00010001
02000000
01000088
01000100
01090400
01000404
05040600
b3020403
01000015
01010101
00010101
01010000
00000000
0b000000
0000ad25
00000000
00000000
00000000
00000000
00000000
00000000
00000000
00000000
00000000
00000000
00000000
00000000
00000000
00000000
00000000
00000000
00000000
00000000
00000000
00000000
00000000
00000000
00000000
00000000
00000000
00000000
00000000
00000000
00000000
00000000
00000000
00000000
00000000
00000000
00000000
00000000
00000000
00000000
00000000
00000000
00000000
00000000
20202020
20200000
00002020
20202020
20200000
20202020
20202020
00000000
20202000
20202020
00202020
00000000
16160404
04041616
16161616
01010000
31310101
03033131
01010303
31310101
03033131
08080303
08080808
08080808
08080808
08080808
08080808
08080808
08080808
08080808
08080808
08080808
08080808
08080808
08080808
08080808
00000808
00000000
00000000
00000000
00000000
00000000
00000000
00000000
00000000
00000000
00000000
00000000
00000000
00000000
00000000
00000000
00000000
00000000
00000000
00000000
00000000
00000000
00000000
00000000
00000000
00000000
00000000
00000000
00000000
00000000
00000000
00000000
00000000
00000000
00000000
00000000
00000000
00000000
00000000
00000000
00000000
00000000
00000000
00000000
00000000
00000000
00000000
00000000
00000000
00000000
00000000
00000000
00000000
00000000
00000000
00000000
00000000
00000000
00000000
00000000
00000000
00000000
00000000
00000000
00000000
00000000
00000000
00000000
00000000
00000000
00000000
00000000
00000000
00000000
00000000
00000000
00000000
00000000
00000000
00000000
00000000
00000000
00000000
00000000
00000000
00000000
00000000
00000000
00000000
00000000
00000000
00000000
00000000
00000000
00000000
00000000
00000000
00000000
00000000
00000000
00000000
00000000
00000000
00000000
00000000
00000000
00000000
00000000
00000000
00000000
00000000
00000000
00000000
00000000
00000000
00000000
00000000
00000000
00000000
00000000
00000000
00000000
00000000
00000000
00000000
00000000
00000000
00000000
00000000
00000000
00000000
