01900000
00010014
000a0028
0001010f
0007d000
af000000
00000009
019d0100
00010015
000a0029
2801010f
0007ac00
fb000000
00000009
01e80203
00010018
000c0031
2201010e
0007ef00
cd000000
0000000b
01f40303
01010019
000d0032
0001010e
0007d000
1b000000
0000000c
02040403
0101001a
000d0034
1801010d
0007bf00
7b000000
0000000c
02260504
0101001c
000e0037
0001010d
0007ac00
51000000
0000000d
02330604
0101001c
000e0038
1d01010d
0007d900
9d000000
0000000d
00640000
00010014
000a0028
0001010f
0007d000
af005100
00000009
00670103
00010015
000a0029
d801010f
0007ac03
fb004e00
00000009
007a0203
00010018
000c0031
2201010d
0007ef00
cd004200
0000000b
007d0303
01010019
000d0032
0001010e
0007d000
1b004000
0000000c
00810403
0101001a
000d0034
1801010e
0007bf00
7b003e00
0000000c
008a0504
0101001c
000e0037
7701010c
0007ac00
51003b00
0000000d
008d0604
0101001c
000e0038
5701010d
0007d900
9d003900
0000000d
01900100
fa0c0190
05002800
00030002
00000006
00000000
000009af
019c0101
fc0c019c
05002900
00030002
d803d806
00000003
000009fb
01e70102
f90d01e7
07003100
00030101
de03de06
00000003
00000bcd
01f40103
fa0d01f4
07003200
00030101
00000006
00000000
00000c1b
00000000
00000000
00000000
00000000
00000000
00000000
00000000
00000000
00000000
00000000
00000000
00000000
00000000
00000000
00000000
00000000
00000000
00000000
00000000
00000000
00000000
00640100
fa0d0064
05002800
00030002
00000006
00510000
000009af
00670101
fc0d0067
05002900
00030002
d803d806
004e0003
000009fb
007a0102
f90d007a
07003100
00030101
22002206
00420000
00000bcd
007d0103
fa0d007d
07003200
00030101
00000006
00400000
00000c1b
00000000
00000000
00000000
00000000
00000000
00000000
00000000
00000000
00000000
00000000
00000000
00000000
00000000
00000000
00000000
00000000
00000000
00000000
00000000
00000000
00000000
00280100
fa0f0028
05002800
00010002
00000001
00000000
000009af
00a50401
fc0f00a5
05002900
00030002
00000004
00000000
000009fb
00c30402
f90f00c3
07003100
00030101
00000004
00000000
00000bcd
00320103
fa0f0032
07003200
00010101
00000001
00000000
00000c1b
00000000
00000000
00000000
00000000
00000000
00000000
00000000
00000000
00000000
00000000
00000000
00000000
00000000
00000000
00000000
00000000
00000000
00000000
00000000
00000000
00000000
00280400
fa0f0028
05002800
00030002
00000003
00510000
000009af
00290401
fc0f0029
05002900
00030002
39033904
004e0003
000009fb
00310402
f90f0031
07003100
00030101
a800a803
00420000
00000bcd
00320403
fa0f0032
07003200
00030101
00000003
00400000
00000c1b
00000000
00000000
00000000
00000000
00000000
00000000
00000000
00000000
00000000
00000000
00000000
00000000
00000000
00000000
00000000
00000000
00000000
00000000
00000000
00000000
00000000
00000000
00000000
00000000
00000000
00000000
00000000
00000000
00000000
00000000
00000000
00000000
00000000
00000000
00000000
00000000
00000000
00000000
00000000
00000000
00000000
00000000
00000000
00000000
00000000
00000000
00000000
00000000
00000000
00000000
00000000
00000000
00000000
00000000
00000000
00000000
00000000
00000000
00000000
00000000
00000000
00000000
00000000
00000000
00000000
00000000
00000000
00000000
00000000
00000000
00000000
00000000
00000000
00000000
00000000
00000000
00000000
00000000
00000000
00000000
00000000
00000000
00000000
00000000
00000000
00000000
00000000
00000000
00000000
00000000
00000000
00000000
00000000
00000000
00000000
1f1f1f00
20212021
01011010
20202020
00000000
00000000
04000400
04000400
00000000
00000000
00000000
00000000
00000000
00000000
00000000
00000000
00000000
00000000
008000fc
03fec000
00000000
0e0f0c00
00000000
00000000
06131015
06050000
00000000
00000000
00000000
20202020
20202020
20202020
20202020
20100000
00000000
00000000
00000000
00060500
00000010
