00fa0000
00010014
000a0028
0001010d
0007d000
af000000
00000009
01020100
00010015
000a0029
1801010e
0007ac00
fb000000
00000009
01310203
00010018
000c0031
2201010c
0007ef00
cd000000
0000000b
01390303
01010019
000d0032
3401010c
0007d000
1b000000
0000000c
01420403
0101001a
000d0034
e501010b
0007bf03
7b000000
0000000c
01580504
0101001c
000e0037
1801010a
0007ac00
51000000
0000000d
01600604
0101001c
000e0038
2901010b
0007d900
9d000000
0000000d
007d0000
00020014
000a0028
0001010f
0007d000
af005100
00000009
00c10103
00030015
000a0029
c301020d
0007ac03
fb004e00
00000009
004c0203
00010018
000c0031
b601010a
0007ef03
cd004200
0000000b
004e0303
01010019
000d0032
cc01010c
0007d003
1b004000
0000000c
00510403
0101001a
000d0034
b001010b
0007bf00
7b003e00
0000000c
00560504
0101001c
000e0037
1801010a
0007ac00
51003b00
0000000d
00580604
0101001c
000e0038
2901010b
0007d900
9d003900
0000000d
00fa0100
fa0c00fa
05002800
00030002
00000005
00000000
000009af
01020101
fc0c0102
05002900
00030002
18001806
00000000
000009fb
01310102
f90c0131
07003100
00030101
22002206
00000000
00000bcd
01380103
fa0c0138
07003200
00030101
cc03cc06
00000003
00000c1b
00000000
00000000
00000000
00000000
00000000
00000000
00000000
00000000
00000000
00000000
00000000
00000000
00000000
00000000
00000000
00000000
00000000
00000000
00000000
00000000
00000000
003e0100
fa0d003e
05002800
00030002
fa02fa05
00510002
000009af
00400101
fc0d0040
05002900
00030002
1a031a05
004e0003
000009fb
004c0102
f90e004c
07003100
00030101
b603b604
00420003
00000bcd
004e0103
fa0e004e
07003200
00030101
cc03cc04
00400003
00000c1b
00000000
00000000
00000000
00000000
00000000
00000000
00000000
00000000
00000000
00000000
00000000
00000000
00000000
00000000
00000000
00000000
00000000
00000000
00000000
00000000
00000000
00280100
fa0f0028
05002800
00010002
00000001
00000000
000009af
00a50401
fc0f00a5
05002900
00030002
00000004
00000000
000009fb
00c30402
f90f00c3
07003100
00030101
00000004
00000000
00000bcd
00320103
fa0f0032
07003200
00010101
00000001
00000000
00000c1b
00000000
00000000
00000000
00000000
00000000
00000000
00000000
00000000
00000000
00000000
00000000
00000000
00000000
00000000
00000000
00000000
00000000
00000000
00000000
00000000
00000000
00280400
fa0f0028
05002800
00030002
00000003
00510000
000009af
00290401
fc0f0029
05002900
00030002
39033904
004e0003
000009fb
00310402
f90f0031
07003100
00030101
a800a803
00420000
00000bcd
00320403
fa0f0032
07003200
00030101
00000003
00400000
00000c1b
00000000
00000000
00000000
00000000
00000000
00000000
00000000
00000000
00000000
00000000
00000000
00000000
00000000
00000000
00000000
00000000
00000000
00000000
00000000
00000000
00000000
00000000
00000000
00000000
00000000
00000000
00000000
00000000
00000000
00000000
00000000
00000000
00000000
00000000
00000000
00000000
00000000
00000000
00000000
00000000
00000000
00000000
00000000
00000000
00000000
00000000
00000000
00000000
00000000
00000000
00000000
00000000
00000000
00000000
00000000
00000000
00000000
00000000
00000000
00000000
00000000
00000000
00000000
00000000
00000000
00000000
00000000
00000000
00000000
00000000
00000000
00000000
00000000
00000000
00000000
00000000
00000000
00000000
00000000
00000000
00000000
00000000
00000000
00000000
00000000
00000000
00000000
00000000
00000000
00000000
00000000
00000000
00000000
00000000
00000000
1f1f1f00
20212021
01011010
20202020
00000000
00000000
04000400
04000400
00000000
00000000
00000000
00000000
00000000
00000000
00000000
00000000
00000000
00000000
008000fc
03fec000
00000000
0e0f0c00
00000000
00000000
06131015
06050000
00000000
00000000
00000000
20202020
20202020
20202020
20202020
20100000
00000000
00000000
00000000
00060500
00000010
