00640000
00010014
000a0028
0001000b
0007d000
af000000
00000009
00ce0100
00020015
000a0029
d801010c
0007ac03
fb000000
00000009
007a0203
00010018
000c0031
2201000a
0007ef00
cd000000
0000000b
007d0303
01010019
000d0032
00010008
0007d000
1b000000
0000000c
00810403
0101001a
000d0034
18010008
0007bf00
7b000000
0000000c
01130504
0102001c
000e0037
0001000c
0007ac00
51000000
0000000d
01190604
0102001c
000e0038
e301000c
0007d903
9d000000
0000000d
004b0000
00030014
000a0028
0001010f
0007d000
af005100
00000009
00670103
00040015
000a0029
d801010e
0007ac03
fb004e00
00000009
003d0203
00020018
000c0031
2201010a
0007ef00
cd004200
0000000b
005e0303
01030019
000d0032
5701010c
0007d000
1b004000
0000000c
00610403
0103001a
000d0034
6d01010c
0007bf00
7b003e00
0000000c
00450504
0102001c
000e0037
7701000c
0007ac00
51003b00
0000000d
00460604
0102001c
000e0038
6e01000c
0007d903
9d003900
0000000d
00640100
fa0c0064
05002800
00030002
00000004
00000000
000009af
00670101
fc0d0067
05002900
00020002
d803d804
00000003
000009fb
007a0102
f90e007a
07003100
00030101
22002203
00000000
00000bcd
007d0103
fa0e007d
07003200
00030101
00000003
00000000
00000c1b
00000000
00000000
00000000
00000000
00000000
00000000
00000000
00000000
00000000
00000000
00000000
00000000
00000000
00000000
00000000
00000000
00000000
00000000
00000000
00000000
00000000
00190100
fa0d0019
05002800
00030002
00000003
00510000
000009af
001a0101
fc0d001a
05002900
00030002
16011603
004e0001
000009fb
003d0202
f90e003d
07003100
00030101
22002204
00420000
00000bcd
001f0103
fa0e001f
07003200
00030101
fa02fa03
00400002
00000c1b
00000000
00000000
00000000
00000000
00000000
00000000
00000000
00000000
00000000
00000000
00000000
00000000
00000000
00000000
00000000
00000000
00000000
00000000
00000000
00000000
00000000
00280100
fa0f0028
05002800
00010002
00000001
00000000
000009af
00a50401
fc0f00a5
05002900
00030002
00000004
00000000
000009fb
00c30402
f90f00c3
07003100
00030101
00000004
00000000
00000bcd
00320103
fa0f0032
07003200
00010101
00000001
00000000
00000c1b
00000000
00000000
00000000
00000000
00000000
00000000
00000000
00000000
00000000
00000000
00000000
00000000
00000000
00000000
00000000
00000000
00000000
00000000
00000000
00000000
00000000
00280400
fa0f0028
05002800
00030002
00000003
00510000
000009af
00290401
fc0f0029
05002900
00030002
39033904
004e0003
000009fb
00310402
f90f0031
07003100
00030101
a800a803
00420000
00000bcd
00320403
fa0f0032
07003200
00030101
00000003
00400000
00000c1b
00000000
00000000
00000000
00000000
00000000
00000000
00000000
00000000
00000000
00000000
00000000
00000000
00000000
00000000
00000000
00000000
00000000
00000000
00000000
00000000
00000000
00000000
00000000
00000000
00000000
00000000
00000000
00000000
00000000
00000000
00000000
00000000
00000000
00000000
00000000
00000000
00000000
00000000
00000000
00000000
00000000
00000000
00000000
00000000
00000000
00000000
00000000
00000000
00000000
00000000
00000000
00000000
00000000
00000000
00000000
00000000
00000000
00000000
00000000
00000000
00000000
00000000
00000000
00000000
00000000
00000000
00000000
00000000
00000000
00000000
00000000
00000000
00000000
00000000
00000000
00000000
00000000
00000000
00000000
00000000
00000000
00000000
00000000
00000000
00000000
00000000
00000000
00000000
00000000
00000000
00000000
00000000
00000000
00000000
00000000
1f1f1f00
20212021
01011010
20202020
00000000
00000000
04000400
04000400
00000000
00000000
00000000
00000000
00000000
00000000
00000000
00000000
00000000
00000000
008000fc
03fec000
00000000
0e0f0c00
00000000
00000000
06131015
06050000
00000000
00000000
00000000
20202020
20202020
20202020
20202020
20100000
00000000
00000000
00000000
00060500
00000010
