00c80000
00010014
000a0028
0001010c
0007d000
09af0000
00000000
00000000
00ce0100
00010015
000a0029
d801010c
0007ac03
09fb0000
00000000
00000000
00f40203
00010018
000c0031
2201010b
0007ef00
0bcd0000
00000000
00000000
00fa0303
01010019
000d0032
0001010a
0007d000
0c1b0000
00000000
00000000
01020403
0101001a
000d0034
1801010a
0007bf00
0c7b0000
00000000
00000000
01130504
0101001c
000e0037
0001000c
0007ac00
0d510000
00000000
00000000
01190604
0101001c
000e0038
e301000c
0007d903
0d9d0000
00000000
00000000
00640000
00020014
000a0028
0001010f
0007d000
09af0300
00000000
00000000
00670103
00020015
000a0029
d801010e
0007ac03
09fb0300
00000000
00000000
007a0203
00020018
000c0031
2201010d
0007ef00
0bcd0300
00000000
00000000
007d0303
01020019
000d0032
0001010e
0007d000
0c1b0300
00000000
00000000
00810403
0102001a
000d0034
1801010e
0007bf00
0c7b0300
00000000
00000000
00450504
0101001c
000e0037
77010109
0007ac00
0d510200
00000000
00000000
00460604
0101001c
000e0038
6e010109
0007d903
0d9d0200
00000000
00000000
00c80100
fa0c00c8
05002800
00030002
00000005
af000000
00000009
00000000
00000000
00ce0101
fc0c00ce
05002900
00020002
d803d806
fb000003
00000009
00000000
00000000
00f40102
f90d00f4
07003100
00020101
22002205
cd000000
0000000b
00000000
00000000
00fa0103
fa0d00fa
07003200
00020101
00000005
1b000000
0000000c
00000000
00000000
00320100
fa0d0032
05002800
00030002
00000004
af030000
00000009
00000000
00000000
00340101
fc0d0034
05002900
00030002
16011604
fb030001
00000009
00000000
00000000
003d0102
f90e003d
07003100
00030101
22002204
cd030000
0000000b
00000000
00000000
003e0103
fa0e003e
07003200
00030101
fa02fa04
1b030002
0000000c
00000000
00000000
00280100
fa0f0028
05002800
00010002
00000001
af000000
00000009
00000000
00000000
00a50401
fc0f00a5
05002900
00030002
00000004
fb000000
00000009
00000000
00000000
00c30402
f90f00c3
07003100
00030101
00000004
cd000000
0000000b
00000000
00000000
00320103
fa0f0032
07003200
00010101
00000001
1b000000
0000000c
00000000
00000000
00280400
fa0f0028
05002800
00030002
00000003
af030000
00000009
00000000
00000000
00290401
fc0f0029
05002900
00030002
39033904
fb030003
00000009
00000000
00000000
00310402
f90f0031
07003100
00030101
a800a803
cd030000
0000000b
00000000
00000000
00320403
fa0f0032
07003200
00030101
00000003
1b030000
0000000c
00000000
00000000
00000000
00000000
00000000
00000000
00000000
00000000
00000000
00000000
00000000
00000000
00000000
00000000
00000000
00000000
00000000
00000000
00000000
00000000
00000000
00000000
00000000
00000000
00000000
00000000
00000000
00000000
00000000
00000000
00000000
00000000
00000000
00000000
00000000
00000000
00000000
00000000
00000000
00000000
00000000
00000000
00000000
00000000
00000000
00000000
00000000
00000000
00000000
00000000
00000000
00000000
00000000
00000000
00000000
00000000
00000000
00000000
00000000
00000000
00000000
00000000
00000000
00000000
00000000
00000000
00000000
00000000
00000000
00000000
00000000
00000000
00000000
00000000
00000000
00000000
00000000
00000000
00000000
00000000
00000000
00000000
00000000
00000000
00000000
00000000
00000000
00000000
00000000
00000000
00000000
00000000
00000000
00000000
00000000
00000000
00000000
00000000
00000000
00000000
00000000
00000000
00000000
00000000
00000000
00000000
00000000
00000000
00000000
00000000
00000000
00000000
00000000
00000000
1f1f1f00
20212021
01011010
20202020
00000000
00000000
04000400
04000400
00000000
00000000
00000000
00000000
00000000
00000000
00000000
00000000
00000000
00000000
008040fc
03fec000
000a14a0
0e0f0c00
00000000
00000000
06131015
06050000
00000000
00000000
00000000
20202020
20202020
20202020
20202020
20041000
00000000
00000000
00000000
00000000
00000010
00000190
4b6400fa
7d4b01f4
101900fa
00000000
00000000
00000000
00000000
00000000
00000000
00000000
00000000
00000000
00000000
00000000
00000000
00000000
00000000
00000000
00000000
00000000
00000000
00000000
00000000
00000000
00000000
00000000
00000000
00000000
00000000
00000000
00000000
00000000
00000000
00000000
00000000
00000000
00000000
00000000
00000000
00000000
00000000
00000000
00000000
00000000
00000000
00000000
00000000
00000000
00000000
00000000
00000000
00000000
00000000
00000000
00000000
00000000
00000000
00000000
00000000
00000000
00000000
00000000
00000000
00000000
00000000
00000000
00000000
00000000
00000000
00000000
00000000
00000000
00000000
00000000
00000000
00000000
00000000
00000000
00000000
00000000
00000000
00000000
00000000
00000000
00000000
00000000
00000000
00000000
00000000
00000000
00000000
00000000
00000000
00000000
00000000
00000000
00000000
00000000
00000000
00000000
00000000
00000000
00000000
00000000
