00500000
00010014
000a0028
0001000a
0007d000
09af0000
00000000
00000000
00a50100
00020015
000a0029
0001010b
0007ac00
09fb0000
00000000
00000000
00c30203
00020018
000c0031
0001000d
0007ef00
0bcd0000
00000000
00000000
00640303
01010019
000d0032
00010007
0007d000
0c1b0000
00000000
00000000
00670403
0101001a
000d0034
d8010007
0007bf03
0c7b0000
00000000
00000000
00dc0504
0102001c
000e0037
0001000b
0007ac00
0d510000
00000000
00000000
00e10604
0102001c
000e0038
0001000a
0007d900
0d9d0000
00000000
00000000
003c0000
00030014
000a0028
0001010e
0007d000
09af0300
00000000
00000000
003e0103
00030015
000a0029
4201000f
0007ac00
09fb0300
00000000
00000000
00310203
00020018
000c0031
a801000d
0007ef00
0bcd0300
00000000
00000000
00190303
01010019
000d0032
00010007
0007d000
0c1b0300
00000000
00000000
00810403
0105001a
000d0034
1801010e
0007bf00
0c7b0300
00000000
00000000
00370504
0102001c
000e0037
0001000b
0007ac00
0d510200
00000000
00000000
00380604
0102001c
000e0038
6e01000a
0007d903
0d9d0200
00000000
00000000
00500100
fa0c0050
05002800
00030002
00000004
af000000
00000009
00000000
00000000
00a50201
fc0d00a5
05002900
00030002
00000005
fb000000
00000009
00000000
00000000
00c30102
f90e00c3
07003100
00030101
00000004
cd000000
0000000b
00000000
00000000
00640103
fa0e0064
07003200
00020101
00000003
1b000000
0000000c
00000000
00000000
00140100
fa0d0014
05002800
00030002
00000003
af030000
00000009
00000000
00000000
00290201
fc0d0029
05002900
00030002
39033904
fb030003
00000009
00000000
00000000
00310202
f90f0031
07003100
00030101
a800a803
cd030000
0000000b
00000000
00000000
00190103
fa0f0019
07003200
00030101
00000002
1b030000
0000000c
00000000
00000000
00280100
fa0f0028
05002800
00010002
00000001
af000000
00000009
00000000
00000000
00a50401
fc0f00a5
05002900
00030002
00000004
fb000000
00000009
00000000
00000000
00c30402
f90f00c3
07003100
00030101
00000004
cd000000
0000000b
00000000
00000000
00320103
fa0f0032
07003200
00010101
00000001
1b000000
0000000c
00000000
00000000
00280400
fa0f0028
05002800
00030002
00000003
af030000
00000009
00000000
00000000
00290401
fc0f0029
05002900
00030002
39033904
fb030003
00000009
00000000
00000000
00310402
f90f0031
07003100
00030101
a800a803
cd030000
0000000b
00000000
00000000
00320403
fa0f0032
07003200
00030101
00000003
1b030000
0000000c
00000000
00000000
00000000
00000000
00000000
00000000
00000000
00000000
00000000
00000000
00000000
00000000
00000000
00000000
00000000
00000000
00000000
00000000
00000000
00000000
00000000
00000000
00000000
00000000
00000000
00000000
00000000
00000000
00000000
00000000
00000000
00000000
00000000
00000000
00000000
00000000
00000000
00000000
00000000
00000000
00000000
00000000
00000000
00000000
00000000
00000000
00000000
00000000
00000000
00000000
00000000
00000000
00000000
00000000
00000000
00000000
00000000
00000000
00000000
00000000
00000000
00000000
00000000
00000000
00000000
00000000
00000000
00000000
00000000
00000000
00000000
00000000
00000000
00000000
00000000
00000000
00000000
00000000
00000000
00000000
00000000
00000000
00000000
00000000
00000000
00000000
00000000
00000000
00000000
00000000
00000000
00000000
00000000
00000000
00000000
00000000
00000000
00000000
00000000
00000000
00000000
00000000
00000000
00000000
00000000
00000000
00000000
00000000
00000000
00000000
00000000
00000000
00000000
00000000
1f1f1f00
20212021
01011010
20202020
00000000
00000000
04000400
04000400
00000000
00000000
00000000
00000000
00000000
00000000
00000000
00000000
00000000
00000000
008040fc
03fec000
000a14a0
0e0f0c00
00000000
00000000
06131015
06050000
00000000
00000000
00000000
20202020
20202020
20202020
20202020
20041000
00000000
00000000
00000000
00000000
00000010
00000190
4b6400fa
7d4b01f4
101900fa
00000000
00000000
00000000
00000000
00000000
00000000
00000000
00000000
00000000
00000000
00000000
00000000
00000000
00000000
00000000
00000000
00000000
00000000
00000000
00000000
00000000
00000000
00000000
00000000
00000000
00000000
00000000
00000000
00000000
00000000
00000000
00000000
00000000
00000000
00000000
00000000
00000000
00000000
00000000
00000000
00000000
00000000
00000000
00000000
00000000
00000000
00000000
00000000
00000000
00000000
00000000
00000000
00000000
00000000
00000000
00000000
00000000
00000000
00000000
00000000
00000000
00000000
00000000
00000000
00000000
00000000
00000000
00000000
00000000
00000000
00000000
00000000
00000000
00000000
00000000
00000000
00000000
00000000
00000000
00000000
00000000
00000000
00000000
00000000
00000000
00000000
00000000
00000000
00000000
00000000
00000000
00000000
00000000
00000000
00000000
00000000
00000000
00000000
00000000
00000000
00000000
