00400000
00010014
000a0028
00010009
0007da00
09af0000
00000000
00000000
00840100
00020015
000a0029
0001000c
0007b600
09fb0000
00000000
00000000
004e0203
00010018
000c0031
00010008
0007f900
0bcd0000
00000000
00000000
00500303
01010019
000d0032
00010006
0007da00
0c1b0000
00000000
00000000
00a50403
0102001a
000d0034
00010009
0007c900
0c7b0000
00000000
00000000
00b00504
0102001c
000e0037
00010009
0007b600
0d510000
00000000
00000000
00b40604
0102001c
000e0038
00010009
0007e300
0d9d0000
00000000
00000000
00200000
00020014
000a0028
0001000c
0007da00
09af0300
00000000
00000000
00210103
00020015
000a0029
0001000c
0007b600
09fb0300
00000000
00000000
00270203
00020018
000c0031
0001000c
0007f900
0bcd0300
00000000
00000000
00140303
01010019
000d0032
00010006
0007da00
0c1b0300
00000000
00000000
003e0403
0103001a
000d0034
4201000c
0007c900
0c7b0300
00000000
00000000
002c0504
0102001c
000e0037
00010009
0007b600
0d510200
00000000
00000000
002d0604
0102001c
000e0038
00010009
0007e300
0d9d0200
00000000
00000000
00400100
fb0c0040
05002800
00030002
00000003
af000000
00000009
00000000
00000000
00420101
fd0c0042
05002900
00030002
00000003
fb000000
00000009
00000000
00000000
004e0102
fa0e004e
07003100
00020101
00000002
cd000000
0000000b
00000000
00000000
00500103
fb0e0050
07003200
00020101
00000002
1b000000
0000000c
00000000
00000000
00100100
fb0d0010
05002800
00030002
00000002
af030000
00000009
00000000
00000000
00210201
fd0e0021
05002900
00030002
00000003
fb030000
00000009
00000000
00000000
00270202
fa0f0027
07003100
00030101
00000003
cd030000
0000000b
00000000
00000000
00140103
fb0f0014
07003200
00030101
00000001
1b030000
0000000c
00000000
00000000
00280100
fa0f0028
05002800
00010002
00000001
af000000
00000009
00000000
00000000
00a50401
fc0f00a5
05002900
00030002
00000004
fb000000
00000009
00000000
00000000
00c30402
f90f00c3
07003100
00030101
00000004
cd000000
0000000b
00000000
00000000
00320103
fa0f0032
07003200
00010101
00000001
1b000000
0000000c
00000000
00000000
00280400
fa0f0028
05002800
00030002
00000003
af030000
00000009
00000000
00000000
00290401
fc0f0029
05002900
00030002
39033904
fb030003
00000009
00000000
00000000
00310402
f90f0031
07003100
00030101
a800a803
cd030000
0000000b
00000000
00000000
00320403
fa0f0032
07003200
00030101
00000003
1b030000
0000000c
00000000
00000000
00000000
00000000
00000000
00000000
00000000
00000000
00000000
00000000
00000000
00000000
00000000
00000000
00000000
00000000
00000000
00000000
00000000
00000000
00000000
00000000
00000000
00000000
00000000
00000000
00000000
00000000
00000000
00000000
00000000
00000000
00000000
00000000
00000000
00000000
00000000
00000000
00000000
00000000
00000000
00000000
00000000
00000000
00000000
00000000
00000000
00000000
00000000
00000000
00000000
00000000
00000000
00000000
00000000
00000000
00000000
00000000
00000000
00000000
00000000
00000000
00000000
00000000
00000000
00000000
00000000
00000000
00000000
00000000
00000000
00000000
00000000
00000000
00000000
00000000
00000000
00000000
00000000
00000000
00000000
00000000
00000000
00000000
00000000
00000000
00000000
00000000
00000000
00000000
00000000
00000000
00000000
00000000
00000000
00000000
00000000
00000000
00000000
00000000
00000000
00000000
00000000
00000000
00000000
00000000
00000000
00000000
00000000
00000000
00000000
00000000
00000000
00000000
1f1f1f00
20212021
01011010
20202020
00000000
00000000
04000400
04000400
00000000
00000000
00000000
00000000
00000000
00000000
00000000
00000000
00000000
00000000
008040fc
03fec000
000a14a0
0e0f0c00
00000000
00000000
06131015
06050000
00000000
00000000
00000000
20202020
20202020
20202020
20202020
20041000
00000000
00000000
00000000
00000000
00000010
00000190
4b6400fa
7d4b01f4
101900fa
00000000
00000000
00000000
00000000
00000000
00000000
00000000
00000000
00000000
00000000
00000000
00000000
00000000
00000000
00000000
00000000
00000000
00000000
00000000
00000000
00000000
00000000
00000000
00000000
00000000
00000000
00000000
00000000
00000000
00000000
00000000
00000000
00000000
00000000
00000000
00000000
00000000
00000000
00000000
00000000
00000000
00000000
00000000
00000000
00000000
00000000
00000000
00000000
00000000
00000000
00000000
00000000
00000000
00000000
00000000
00000000
00000000
00000000
00000000
00000000
00000000
00000000
00000000
00000000
00000000
00000000
00000000
00000000
00000000
00000000
00000000
00000000
00000000
00000000
00000000
00000000
00000000
00000000
00000000
00000000
00000000
00000000
00000000
00000000
00000000
00000000
00000000
00000000
00000000
00000000
00000000
00000000
00000000
00000000
00000000
00000000
00000000
00000000
00000000
00000000
00000000
