01400000
01010020
08002000
01010900
00000006
000003e8
0f7f0000
00000000
00c80100
00010014
0a002801
01010c00
00000204
000107d0
09af0000
00000000
01400204
01010020
10004001
01010900
00000006
000007d0
0f7f0000
00000000
00000000
00000000
00000000
00000000
00000000
00000000
00000000
00000000
00000000
00000000
00000000
00000000
00000000
00000000
00000000
00000000
00000000
00000000
00000000
00000000
00000000
00000000
00000000
00000000
00000000
00000000
00000000
00000000
00000000
00000000
00000000
00000000
00a00000
01020020
08004000
00010d00
00000006
000007d0
0f7f0032
00000000
00320100
00010014
0a002801
01010c00
00000204
000107d0
09af0051
00000000
00500204
01010020
10004001
00010d00
00000006
000007d0
0f7f0032
00000000
00000000
00000000
00000000
00000000
00000000
00000000
00000000
00000000
00000000
00000000
00000000
00000000
00000000
00000000
00000000
00000000
00000000
00000000
00000000
00000000
00000000
00000000
00000000
00000000
00000000
00000000
00000000
00000000
00000000
00000000
00000000
00000000
00a00100
fa0d00a0
04002000
00030003
00000005
00000000
000007bf
00000000
00000000
00c80101
fa0c00c8
05002800
00030002
00000005
00000000
000009af
00000000
00000000
00000000
00000000
00000000
00000000
00000000
00000000
00000000
00000000
00000000
00000000
00000000
00000000
00000000
00000000
00000000
00000000
00000000
00000000
00280100
fa0d0028
04002000
00030003
00000005
00650000
000007bf
00000000
00000000
00320101
fa0d0032
05002800
00030002
00000005
00510000
000009af
00000000
00000000
00000000
00000000
00000000
00000000
00000000
00000000
00000000
00000000
00000000
00000000
00000000
00000000
00000000
00000000
00000000
00000000
00000000
00000000
00200100
fa040020
04002000
00030003
00000005
00000000
000007bf
00000000
00000000
00280101
fa0b0028
05002800
00030002
00000002
00000000
000009af
00000000
00000000
00000000
00000000
00000000
00000000
00000000
00000000
00000000
00000000
00000000
00000000
00000000
00000000
00000000
00000000
00000000
00000000
00000000
00000000
00200400
fa0c0020
04002000
00030003
00000005
00650000
000007bf
00000000
00000000
00280401
fa0f0028
05002800
00030002
00000004
00510000
000009af
00000000
00000000
00000000
00000000
00000000
00000000
00000000
00000000
00000000
00000000
00000000
00000000
00000000
00000000
00000000
00000000
00000000
00000000
00000000
00000000
00000000
00000000
00000000
00000000
00000000
00000000
00000000
00000000
00000000
00000000
00000000
00000000
00000000
00000000
00000000
00000000
00000000
00000000
00000000
00000000
00000000
00000000
00000000
00000000
00000000
00000000
00000000
00000000
00000000
00000000
00000000
00000000
00000000
00000000
00000000
00000000
00000000
00000000
00000000
00000000
00000000
00000000
00000000
00000000
00000000
00000000
00000000
00000000
00000000
00000000
00000000
00000000
00000000
00000000
00000000
00000000
00000000
00000000
00000000
00000000
00000000
00000000
00000000
00000000
00000000
00000000
00000000
00000000
00000000
00000000
00000000
00000000
00000000
00000000
00000000
00000000
00000000
00000000
00000000
00000000
00000000
00000000
00000000
00000000
00000000
00000000
00000000
00000000
00000000
00000000
00000000
00000000
00000000
00000000
00000000
00000000
00000000
00000000
00000000
00000000
00000000
00000000
00000000
00000000
00000000
00000000
00000000
00000000
00000000
00000000
00000000
00000000
1f1f1f00
14151415
01011010
20202020
00000000
00000000
04000400
04000400
00000000
00000000
00000000
00000000
00000000
00000000
00000000
00000000
00000000
00000040
008040fc
03fee000
000a14a0
0e0f0c00
03050000
00000000
06131015
06050000
14000000
00000000
00000000
20202020
20202020
20202020
20202020
20041600
00000000
00000000
00000000
e4120000
c43c0010
00000190
4b6400fa
7d4b01f4
101900fa
09090909
09090909
09090909
09090909
09090909
09090909
800b0007
80060004
80000000
800b0002
80000000
00000000
00000000
00000000
00000000
00000000
12640400
07b000b0
00000460
000002b0
00000000
09500600
07000660
000000f0
00000000
00280014
000000aa
00000000
00000000
00000000
00000000
00000000
00000000
00000000
00000000
00000000
00000000
00000000
00000000
00000000
00000000
00000000
00000000
00000000
00000000
00000000
00000000
00000000
00000000
00000000
00000000
00000000
00000000
00000000
00000000
00000000
00000000
00000000
00000000
00000000
00000000
00000000
00000000
00000000
00000000
00000000
00000000
00000000
00000000
00000000
00000000
00000000
00000000
00000000
00000000
00000000
00000000
00000000
00000000
00000000
00000000
00000000
00000000
00000000
00000000
00000000
00000000
00000000
00000000
00000000
00000000
00000000
00000000
00000000
00000000
00000000
00000000
00000000
00000000
00000000
d17335ea