PHY_MODE	REF_SEL	REFCLK (MHz)	PLL_REG_SEL[2:0]	PLL_RATE_SEL[3:0]	PLL Rate (GHz)	FBDIV[9:0]	FBDIV_CAL[9:0]	REFDIV[3:0]	VIND_BAND_SEL	DIV_1G[9:0]	DIV_1G_FBCK[9:0]	ICP_LC[4:0]	PLL_LPFR[1:0]	PLL_LPFC[1:0]	INTPI_LCPLL[3:0]	TX_INTPR[1:0]	INIT_TXFOFFS[9:0]	SPEED_THRESH[11:0]	LCCAP_USB	SSC_ACC_FACTOR	SSC_STEP_125PPM[3:0]	SSC_M[12:0]
SERDES	0	25	4	6	14.0625	08D	01C	1	1	038	00E	0D	1	1	6	0	057	7D9	0	0	2	0D9D
SERDES	1	30	4	6	14.0625	075	01C	1	1	038	00E	0C	1	1	6	0	3CC	7D9	0	0	2	0D9D
SERDES	2	40	4	6	14.0625	058	01C	1	1	038	00E	0B	1	1	6	0	029	7D9	0	0	2	0D9D
SERDES	3	50	4	6	14.0625	046	01C	1	1	038	00E	09	1	1	6	0	36E	7D9	0	0	2	0D9D
SERDES	4	62.5	4	6	14.0625	038	01C	1	1	038	00E	0A	0	1	6	0	36E	7E9	0	0	2	0D9D
SERDES	5	100	4	6	14.0625	046	01C	2	1	038	00E	0C	0	1	6	0	36E	7D9	0	0	2	0D9D
SERDES	6	125	4	6	14.0625	038	01C	2	1	038	00E	0A	0	1	6	0	36E	7D9	0	0	2	0D9D
SERDES	7	156.25	4	6	14.0625	02D	01C	2	1	038	00E	09	0	1	6	0	000	7E3	0	0	2	0D9D
SERDES	0	25	4	5	13.75	08A	01C	1	1	037	00E	0C	1	1	6	1	077	7AC	0	0	2	0D51
SERDES	1	30	4	5	13.75	0E5	01C	2	1	037	00E	0F	1	1	6	1	3E8	7AC	0	0	2	0D51
SERDES	2	40	4	5	13.75	056	01C	1	1	037	00E	0A	1	1	6	1	018	7AC	0	0	2	0D51
SERDES	3	50	4	5	13.75	045	01C	1	1	037	00E	09	1	1	6	1	077	7AC	0	0	2	0D51
SERDES	4	62.5	4	5	13.75	037	01C	1	1	037	00E	0B	0	1	6	1	000	7BC	0	0	2	0D51
SERDES	5	100	4	5	13.75	045	01C	2	1	037	00E	0C	0	1	6	1	077	7AC	0	0	2	0D51
SERDES	6	125	4	5	13.75	037	01C	2	1	037	00E	0B	0	1	6	1	000	7AC	0	0	2	0D51
SERDES	7	156.25	4	5	13.75	02C	01C	2	1	037	00E	09	0	1	6	1	000	7B6	0	0	2	0D51
SERDES	0	25	3	4	12.890625	081	01A	1	1	034	00D	0E	1	1	6	1	018	7BF	0	0	3	0C7B
SERDES	1	30	3	4	12.890625	06B	01A	1	1	034	00D	0D	1	1	6	1	37F	7BF	0	0	3	0C7B
SERDES	2	40	3	4	12.890625	051	01A	1	1	034	00D	0B	1	1	6	1	0B0	7BF	0	0	3	0C7B
SERDES	3	50	3	4	12.890625	081	01A	2	1	034	00D	0E	1	1	6	1	018	7BF	0	0	3	0C7B
SERDES	4	62.5	3	4	12.890625	09B	01A	3	1	034	00D	0F	1	1	6	1	042	7CF	0	0	3	0C7B
SERDES	5	100	3	4	12.890625	061	01A	3	1	034	00D	0C	1	1	6	1	06D	7BF	0	0	3	0C7B
SERDES	6	125	3	4	12.890625	081	01A	5	1	034	00D	0E	1	1	6	1	018	7BF	0	0	3	0C7B
SERDES	7	156.25	3	4	12.890625	03E	01A	3	1	034	00D	0C	0	1	6	1	042	7C9	0	0	3	0C7B
SERDES	0	25	3	3	12.5	07D	019	1	1	032	00D	0E	1	1	6	2	000	7D0	0	0	3	0C1B
SERDES	1	30	3	3	12.5	068	019	1	1	032	00D	0D	1	1	6	2	3CC	7D0	0	0	3	0C1B
SERDES	2	40	3	3	12.5	04E	019	1	1	032	00D	0C	1	1	6	2	3CC	7D0	0	0	3	0C1B
SERDES	3	50	3	3	12.5	07D	019	2	1	032	00D	0E	1	1	6	2	000	7D0	0	0	3	0C1B
SERDES	4	62.5	3	3	12.5	032	019	1	1	032	00D	0B	0	1	6	2	000	7E0	0	0	3	0C1B
SERDES	5	100	3	3	12.5	05E	019	3	1	032	00D	0C	1	1	6	2	057	7D0	0	0	3	0C1B
SERDES	6	125	3	3	12.5	019	019	1	1	032	00D	07	0	1	6	2	000	7D0	0	0	3	0C1B
SERDES	7	156.25	3	3	12.5	014	019	1	1	032	00D	06	3	0	6	2	000	7DA	0	0	3	0C1B
SERDES	0	25	3	1	10.3125	067	015	1	0	029	00A	0F	1	1	4	2	3D8	7AC	0	0	3	09FB
SERDES	1	30	3	1	10.3125	0AC	015	2	0	029	00A	0C	2	1	4	2	018	7AC	0	0	3	09FB
SERDES	2	40	3	1	10.3125	0C1	015	3	0	029	00A	0D	2	1	4	2	3C3	7AC	0	0	3	09FB
SERDES	3	50	3	1	10.3125	067	015	2	0	029	00A	0E	1	1	4	2	3D8	7AC	0	0	3	09FB
SERDES	4	62.5	3	1	10.3125	0A5	015	4	0	029	00A	0C	2	1	4	2	000	7BC	0	0	3	09FB
SERDES	5	100	3	1	10.3125	067	015	4	0	029	00A	0E	1	1	4	2	3D8	7AC	0	0	3	09FB
SERDES	6	125	3	1	10.3125	03E	015	3	0	029	00A	0F	0	1	4	2	042	7AC	0	0	3	09FB
SERDES	7	156.25	3	1	10.3125	021	015	2	0	029	00A	0C	3	0	4	2	000	7B6	0	0	3	09FB
SERDES	0	25	3	2	12.1875	07A	018	1	0	031	00C	0D	1	1	6	2	022	7EF	0	0	3	0BCD
SERDES	1	30	3	2	12.1875	0CB	018	2	0	031	00C	0F	1	1	6	2	3EC	7EF	0	0	3	0BCD
SERDES	2	40	3	2	12.1875	04C	018	1	0	031	00C	0A	1	1	6	2	3B6	7EF	0	0	3	0BCD
SERDES	3	50	3	2	12.1875	07A	018	2	0	031	00C	0D	1	1	6	2	022	7EF	0	0	3	0BCD
SERDES	4	62.5	3	2	12.1875	031	018	1	0	031	00C	0D	0	1	6	2	0A8	800	0	0	3	0BCD
SERDES	5	100	3	2	12.1875	03D	018	2	0	031	00C	0A	1	1	6	2	022	7EF	0	0	3	0BCD
SERDES	6	125	3	2	12.1875	031	018	2	0	031	00C	0D	0	1	6	2	0A8	7EF	0	0	3	0BCD
SERDES	7	156.25	3	2	12.1875	027	018	2	0	031	00C	0C	0	1	6	2	000	7F9	0	0	3	0BCD
SERDES	0	25	0	0	10	064	014	1	0	028	00A	0F	1	1	4	2	000	7D0	0	0	3	09AF
SERDES	1	30	0	0	10	053	014	1	0	028	00A	0F	1	1	4	2	37D	7D0	0	0	3	09AF
SERDES	2	40	0	0	10	07D	014	2	0	028	00A	0F	1	1	4	2	000	7D0	0	0	3	09AF
SERDES	3	50	0	0	10	064	014	2	0	028	00A	0F	1	1	4	2	000	7D0	0	0	3	09AF
SERDES	4	62.5	0	0	10	078	014	3	0	028	00A	0F	1	1	4	2	000	7E0	0	0	3	09AF
SERDES	5	100	0	0	10	04B	014	3	0	028	00A	0F	1	1	4	2	000	7D0	0	0	3	09AF
SERDES	6	125	0	0	10	03C	014	3	0	028	00A	0E	1	1	4	2	000	7D0	0	0	3	09AF
SERDES	7	156.25	0	0	10	020	014	2	0	028	00A	0C	3	0	4	2	000	7DA	0	0	3	09AF
SAS	0	25	2	1	12	078	018	1	0	030	00C	0F	1	1	6	2	000	7D0	0	0	3	0B9F
SAS	1	30	2	1	12	064	018	1	0	030	00C	0F	1	1	6	2	000	7D0	0	0	3	0B9F
SAS	2	40	2	1	12	04B	018	1	0	030	00C	0D	1	1	6	2	000	7D0	0	0	3	0B9F
SAS	3	50	2	1	12	03C	018	1	0	030	00C	0C	1	1	6	2	000	7D0	0	0	3	0B9F
SAS	4	62.5	2	1	12	030	018	1	0	030	00C	0A	1	1	6	2	000	7E0	0	0	3	0B9F
SAS	5	100	2	1	12	03C	018	2	0	030	00C	0C	1	1	6	2	000	7D0	0	0	3	0B9F
SAS	6	125	2	1	12	018	018	1	0	030	00C	09	0	1	6	2	000	7D0	0	0	3	0B9F
SAS	7	156.25	2	1	12	04D	018	4	0	030	00C	0D	1	1	6	2	055	7DA	0	0	3	0B9F
SAS	0	25	1	0	11.25	071	017	1	0	02D	00B	0F	1	1	4	2	092	7A5	0	0	3	0AE5
SAS	1	30	1	0	11.25	05E	017	1	0	02D	00B	0F	1	1	4	2	057	7A5	0	0	3	0AE5
SAS	2	40	1	0	11.25	046	017	1	0	02D	00B	0D	1	1	4	2	36E	7A5	0	0	3	0AE5
SAS	3	50	1	0	11.25	038	017	1	0	02D	00B	0C	1	1	4	2	36E	7A5	0	0	3	0AE5
SAS	4	62.5	1	0	11.25	05A	017	2	0	02D	00B	0E	1	1	4	2	000	7B4	0	0	3	0AE5
SAS	5	100	1	0	11.25	038	017	2	0	02D	00B	0C	1	1	4	2	36E	7A5	0	0	3	0AE5
SAS	6	125	1	0	11.25	02D	017	2	0	02D	00B	0D	0	1	4	2	000	7A5	0	0	3	0AE5
SAS	7	156.25	1	0	11.25	024	017	2	0	02D	00B	0C	0	1	4	2	000	7AE	0	0	3	0AE5
USB	0	25	0	0	10	064	014	1	0	028	00A	0F	1	1	4	2	000	7D0	0	0	3	09AF
USB	1	30	0	0	10	053	014	1	0	028	00A	0F	1	1	4	2	37D	7D0	0	0	3	09AF
USB	2	40	0	0	10	07D	014	2	0	028	00A	0F	1	1	4	2	000	7D0	0	0	3	09AF
USB	3	50	0	0	10	032	014	1	0	028	00A	0D	1	1	4	2	000	7D0	0	0	3	09AF
USB	4	62.5	0	0	10	028	014	1	0	028	00A	0C	1	1	4	2	000	7E0	0	0	3	09AF
USB	5	100	0	0	10	032	014	2	0	028	00A	0D	1	1	4	2	000	7D0	0	0	3	09AF
USB	6	125	0	0	10	014	014	1	0	028	00A	0A	0	1	4	2	000	7D0	0	0	3	09AF
USB	7	156.25	0	0	10	020	014	2	0	028	00A	0C	0	1	4	2	000	7DA	0	0	3	09AF
PCIE	0	25	0	1	10	064	014	1	0	028	00A	0F	1	1	4	2	000	7D0	0	0	3	09AF
PCIE	1	30	0	1	10	053	014	1	0	028	00A	0F	1	1	4	2	37D	7D0	0	0	3	09AF
PCIE	2	40	0	1	10	07D	014	2	0	028	00A	0F	1	1	4	2	000	7D0	0	0	3	09AF
PCIE	3	50	0	1	10	032	014	1	0	028	00A	0D	1	1	4	2	000	7D0	0	0	3	09AF
PCIE	4	62.5	0	1	10	028	014	1	0	028	00A	0C	1	1	4	2	000	7E0	0	0	3	09AF
PCIE	5	100	0	1	10	032	014	2	0	028	00A	0D	1	1	4	2	000	7D0	0	0	3	09AF
PCIE	6	125	0	1	10	014	014	1	0	028	00A	0A	0	1	4	2	000	7D0	0	0	3	09AF
PCIE	7	156.25	0	1	10	020	014	2	0	028	00A	0C	0	1	4	2	000	7DA	0	0	3	09AF
PCIE	0	25	0	0	8	050	010	1	0	020	008	0F	1	1	3	3	000	7D0	1	0	4	07BF
PCIE	1	30	0	0	8	085	010	2	0	020	008	0E	2	1	3	3	3AE	7D0	1	0	4	07BF
PCIE	2	40	0	0	8	032	010	1	0	020	008	0F	1	1	3	3	000	7D0	1	0	4	07BF
PCIE	3	50	0	0	8	050	010	2	0	020	008	0F	1	1	3	3	000	7D0	1	0	4	07BF
PCIE	4	62.5	0	0	8	020	010	1	0	020	008	0D	1	1	3	3	000	7E0	1	0	4	07BF
PCIE	5	100	0	0	8	014	010	1	0	020	008	0F	1	0	3	3	000	7D0	1	0	4	07BF
PCIE	6	125	0	0	8	010	010	1	0	020	008	0B	0	1	3	3	000	7D0	1	0	4	07BF
PCIE	7	156.25	0	0	8	033	010	4	0	020	008	0F	1	1	3	3	380	7DA	1	0	4	07BF
